PC_Latitude,I/F,Error
-90.0,nan,nan
-89.9,nan,nan
-89.8,nan,nan
-89.7,nan,nan
-89.6,nan,nan
-89.5,nan,nan
-89.4,nan,nan
-89.3,nan,nan
-89.2,nan,nan
-89.1,nan,nan
-89.0,nan,nan
-88.9,nan,nan
-88.8,nan,nan
-88.7,nan,nan
-88.6,nan,nan
-88.5,nan,nan
-88.4,nan,nan
-88.3,nan,nan
-88.2,nan,nan
-88.1,nan,nan
-88.0,nan,nan
-87.9,nan,nan
-87.8,nan,nan
-87.7,nan,nan
-87.6,nan,nan
-87.5,nan,nan
-87.4,nan,nan
-87.3,nan,nan
-87.2,nan,nan
-87.1,nan,nan
-87.0,nan,nan
-86.9,nan,nan
-86.8,nan,nan
-86.7,nan,nan
-86.6,nan,nan
-86.5,nan,nan
-86.4,nan,nan
-86.3,nan,nan
-86.2,nan,nan
-86.1,nan,nan
-86.0,nan,nan
-85.9,nan,nan
-85.8,nan,nan
-85.7,nan,nan
-85.6,nan,nan
-85.5,nan,nan
-85.4,nan,nan
-85.3,nan,nan
-85.2,nan,nan
-85.1,nan,nan
-85.0,nan,nan
-84.9,nan,nan
-84.8,nan,nan
-84.7,nan,nan
-84.6,nan,nan
-84.5,nan,nan
-84.4,nan,nan
-84.3,nan,nan
-84.2,nan,nan
-84.1,nan,nan
-84.0,nan,nan
-83.9,nan,nan
-83.8,nan,nan
-83.7,nan,nan
-83.6,nan,nan
-83.5,nan,nan
-83.4,nan,nan
-83.3,nan,nan
-83.2,nan,nan
-83.1,nan,nan
-83.0,nan,nan
-82.9,nan,nan
-82.8,nan,nan
-82.7,nan,nan
-82.6,nan,nan
-82.5,nan,nan
-82.4,nan,nan
-82.3,nan,nan
-82.2,nan,nan
-82.1,nan,nan
-82.0,nan,nan
-81.9,nan,nan
-81.8,nan,nan
-81.7,nan,nan
-81.6,nan,nan
-81.5,nan,nan
-81.4,nan,nan
-81.3,nan,nan
-81.2,nan,nan
-81.1,nan,nan
-81.0,nan,nan
-80.9,nan,nan
-80.8,nan,nan
-80.7,nan,nan
-80.6,nan,nan
-80.5,nan,nan
-80.4,nan,nan
-80.3,nan,nan
-80.2,nan,nan
-80.1,nan,nan
-80.0,nan,nan
-79.9,nan,nan
-79.8,nan,nan
-79.7,nan,nan
-79.6,nan,nan
-79.5,nan,nan
-79.4,nan,nan
-79.3,nan,nan
-79.2,nan,nan
-79.1,nan,nan
-79.0,nan,nan
-78.9,nan,nan
-78.8,nan,nan
-78.7,nan,nan
-78.6,nan,nan
-78.5,0.29567686,0.008561358
-78.4,0.29471633,0.008635477
-78.3,0.29368943,0.008744111
-78.2,0.29227468,0.008857407
-78.1,0.2906149,0.008969789
-78.0,0.2889496,0.009082944
-77.9,0.28717494,0.009234118
-77.8,0.28528455,0.009364
-77.7,0.28326595,0.009413121
-77.6,0.28127813,0.00944018
-77.5,0.27930617,0.009448963
-77.4,0.27735493,0.009466063
-77.3,0.2754187,0.009473825
-77.2,0.27344066,0.009483131
-77.1,0.27140307,0.0094519565
-77.0,0.26938438,0.00938959
-76.9,0.26737386,0.009317255
-76.8,0.26539218,0.009263859
-76.7,0.26342726,0.009219763
-76.6,0.26149145,0.009167944
-76.5,0.25955153,0.009110199
-76.4,0.25759733,0.009024744
-76.3,0.25567645,0.00892858
-76.2,0.25378272,0.00885448
-76.1,0.25190398,0.008791931
-76.0,0.25003973,0.008706196
-75.9,0.24818306,0.008622523
-75.8,0.24633972,0.008540432
-75.7,0.24451528,0.0084599005
-75.6,0.24271806,0.008393161
-75.5,0.24092376,0.00833343
-75.4,0.23912725,0.0082730455
-75.3,0.23735623,0.00820745
-75.2,0.23561098,0.008165545
-75.1,0.23387557,0.008127223
-75.0,0.23215893,0.008081142
-74.9,0.23045218,0.008041486
-74.8,0.22876163,0.008014772
-74.7,0.22709283,0.007985392
-74.6,0.22543214,0.007967575
-74.5,0.22378068,0.007951139
-74.4,0.22213995,0.007923393
-74.3,0.22052167,0.00791236
-74.2,0.21891008,0.007898601
-74.1,0.21730909,0.007863491
-74.0,0.21571577,0.007816789
-73.9,0.21413827,0.0077762324
-73.8,0.21257094,0.0077311895
-73.7,0.21102193,0.007679815
-73.6,0.20948648,0.0076237307
-73.5,0.20796452,0.0075599677
-73.4,0.2064593,0.0075041805
-73.3,0.20496029,0.0074364436
-73.2,0.20346509,0.0073425323
-73.1,0.20197964,0.0072320807
-73.0,0.2005103,0.0071367132
-72.9,0.19905439,0.0070380922
-72.8,0.197615,0.0069383853
-72.7,0.19619165,0.006838495
-72.6,0.19478537,0.0067481133
-72.5,0.19340071,0.0066617047
-72.4,0.19204047,0.006581277
-72.3,0.19070414,0.0064996793
-72.2,0.1893851,0.006429392
-72.1,0.18808293,0.006366261
-72.0,0.18679762,0.0063020512
-71.9,0.18552692,0.006241078
-71.8,0.18427064,0.0061905896
-71.7,0.18302365,0.006137697
-71.6,0.18177955,0.006084454
-71.5,0.18054017,0.006026497
-71.4,0.1793142,0.0059649795
-71.3,0.17810133,0.0059107817
-71.2,0.17690489,0.0058577433
-71.1,0.17571945,0.0058013145
-71.0,0.17454141,0.005750446
-70.9,0.17336087,0.005698804
-70.8,0.17217672,0.005639302
-70.7,0.17099275,0.0055795377
-70.6,0.16981249,0.0055199773
-70.5,0.16862452,0.0054524923
-70.4,0.16743131,0.0053797546
-70.3,0.16624214,0.005309849
-70.2,0.16504595,0.005246603
-70.1,0.16384843,0.005193705
-70.0,0.16264991,0.0051405434
-69.9,0.16145207,0.005112484
-69.8,0.16025358,0.005110082
-69.7,0.1590598,0.0051270253
-69.6,0.15786476,0.0051627443
-69.5,0.15667954,0.0052111587
-69.4,0.15549858,0.005265518
-69.3,0.15432686,0.0053339936
-69.2,0.15316863,0.0054049087
-69.1,0.152022,0.0054732957
-69.0,0.15089229,0.005545023
-68.9,0.14978221,0.0056184023
-68.8,0.14867924,0.0056945137
-68.7,0.14759181,0.0057697906
-68.6,0.14651556,0.005843142
-68.5,0.14544536,0.005925403
-68.4,0.14438014,0.0060088383
-68.3,0.1433162,0.0060968525
-68.2,0.14226337,0.006188196
-68.1,0.14122951,0.006276497
-68.0,0.1402015,0.0063735996
-67.9,0.13918498,0.006476982
-67.8,0.13817641,0.006588215
-67.7,0.13717628,0.0067082085
-67.6,0.13618973,0.0068365666
-67.5,0.1352095,0.0069769565
-67.4,0.13424209,0.007128465
-67.3,0.13328558,0.007287347
-67.2,0.13233608,0.0074572363
-67.1,0.1313985,0.007634978
-67.0,0.1304668,0.007824605
-66.9,0.1295452,0.008022696
-66.8,0.1286365,0.00822604
-66.7,0.12772994,0.00844359
-66.6,0.12682149,0.008662415
-66.5,0.12590307,0.008884964
-66.4,0.12497888,0.00910656
-66.3,0.1240418,0.009325149
-66.2,0.123079665,0.009546854
-66.1,0.12209893,0.009763169
-66.0,0.121091515,0.009980424
-65.9,0.12006566,0.010199063
-65.8,0.11902305,0.010414082
-65.7,0.11796261,0.010640863
-65.6,0.11689245,0.010874339
-65.5,0.11580691,0.01111467
-65.4,0.1147092,0.011363345
-65.3,0.113602094,0.011617471
-65.2,0.112475544,0.011881558
-65.1,0.11132742,0.01215907
-65.0,0.11014956,0.0124515975
-64.9,0.10894022,0.012748272
-64.8,0.107698,0.013049298
-64.7,0.10642328,0.013350457
-64.6,0.1051044,0.013630468
-64.5,0.10374351,0.013892533
-64.4,0.10234464,0.014123438
-64.3,0.10089304,0.014325777
-64.2,0.09940439,0.014498983
-64.1,0.09786474,0.014630201
-64.0,0.096275404,0.014725732
-63.9,0.094644494,0.014780129
-63.8,0.09294737,0.014781906
-63.7,0.09120549,0.014743067
-63.6,0.089410424,0.0146583505
-63.5,0.08756488,0.014522263
-63.4,0.08568679,0.014351927
-63.3,0.08377202,0.014135311
-63.2,0.081865035,0.013891796
-63.1,0.0799636,0.013627809
-63.0,0.078100376,0.013343803
-62.9,0.07628229,0.013062599
-62.8,0.07451945,0.012791122
-62.7,0.0728399,0.012533597
-62.6,0.071234316,0.012297785
-62.5,0.06972319,0.012091896
-62.4,0.06829901,0.011887051
-62.3,0.066959195,0.011695117
-62.2,0.06571012,0.011499565
-62.1,0.06452555,0.01129916
-62.0,0.06340647,0.011099488
-61.9,0.062356483,0.010875354
-61.8,0.061353654,0.010643055
-61.7,0.060421966,0.010396869
-61.6,0.059534848,0.0101457955
-61.5,0.058698565,0.009896956
-61.4,0.057905138,0.009638164
-61.3,0.057141975,0.0093864985
-61.2,0.05641528,0.009134871
-61.1,0.055706702,0.008894785
-61.0,0.05502009,0.008662179
-60.9,0.054350886,0.008432432
-60.8,0.05370003,0.008209611
-60.7,0.05306737,0.007986851
-60.6,0.052451294,0.007771559
-60.5,0.05185626,0.0075612823
-60.4,0.051284526,0.0073630777
-60.3,0.050734743,0.0071736965
-60.2,0.05020894,0.0069815787
-60.1,0.04969907,0.006788256
-60.0,0.04921324,0.0065829917
-59.9,0.04873977,0.0063720774
-59.8,0.048286665,0.0061513013
-59.7,0.047844075,0.0059256665
-59.6,0.047415756,0.00569824
-59.5,0.046998795,0.005463742
-59.4,0.046594996,0.0052320296
-59.3,0.04620871,0.0050015575
-59.2,0.045839656,0.0047840355
-59.1,0.045489836,0.004580124
-59.0,0.045159917,0.004390566
-58.9,0.04484891,0.004218225
-58.8,0.04456107,0.0040566274
-58.7,0.0442884,0.00391083
-58.6,0.044040285,0.0037727947
-58.5,0.043806456,0.003650058
-58.4,0.043603014,0.0035350467
-58.3,0.043420836,0.0034383067
-58.2,0.04328178,0.0033580794
-58.1,0.04318097,0.0033018645
-58.0,0.043131415,0.0032677955
-57.9,0.043123253,0.0032503547
-57.8,0.043155253,0.0032468666
-57.7,0.043222018,0.003245654
-57.6,0.043314412,0.0032475644
-57.5,0.04342789,0.0032346658
-57.4,0.043550808,0.0032158876
-57.3,0.043676138,0.0031677028
-57.2,0.043794736,0.0031088958
-57.1,0.04390018,0.0030232319
-57.0,0.043991346,0.0029383295
-56.9,0.044065278,0.0028495889
-56.8,0.044123396,0.002780467
-56.7,0.04416302,0.0027345973
-56.6,0.044182207,0.0027271062
-56.5,0.044183657,0.0027570766
-56.4,0.044169594,0.0028265344
-56.3,0.044147402,0.0029315897
-56.2,0.04411424,0.0030747065
-56.1,0.04407401,0.0032553093
-56.0,0.04401552,0.0034598154
-55.9,0.043942206,0.0036824306
-55.8,0.04384688,0.0038947393
-55.7,0.04373572,0.004093714
-55.6,0.04360819,0.0042566764
-55.5,0.043467462,0.004391975
-55.4,0.043318857,0.0044913264
-55.3,0.043162417,0.004563336
-55.2,0.043006584,0.004604148
-55.1,0.04285266,0.004619348
-55.0,0.042708006,0.0046067215
-54.9,0.042570274,0.004571561
-54.8,0.04243916,0.004511456
-54.7,0.042311613,0.00443218
-54.6,0.042188108,0.0043304185
-54.5,0.042068105,0.0042117774
-54.4,0.041951086,0.004074352
-54.3,0.041835196,0.0039225454
-54.2,0.041727085,0.0037513513
-54.1,0.041624863,0.0035616327
-54.0,0.04153602,0.0033541855
-53.9,0.04145282,0.0031426162
-53.8,0.041380994,0.002937746
-53.7,0.041315626,0.0027558138
-53.6,0.041261073,0.0025987066
-53.5,0.041213494,0.0024726694
-53.4,0.04117458,0.0023711754
-53.3,0.041143492,0.002300358
-53.2,0.041125655,0.0022538782
-53.1,0.041115563,0.0022332408
-53.0,0.04111347,0.0022305748
-52.9,0.04111043,0.0022420129
-52.8,0.04110835,0.002261282
-52.7,0.041106366,0.0022850537
-52.6,0.04110382,0.0023156437
-52.5,0.041104406,0.0023568296
-52.4,0.041104406,0.0024084665
-52.3,0.041104842,0.0024585293
-52.2,0.04109772,0.0024959093
-52.1,0.041079115,0.0025124343
-52.0,0.04104569,0.0025157356
-51.9,0.040998336,0.0025101835
-51.8,0.040937047,0.0025076459
-51.7,0.0408685,0.0025131342
-51.6,0.040794373,0.002533841
-51.5,0.040722754,0.0025684743
-51.4,0.04065389,0.0026154958
-51.3,0.04059038,0.0026638773
-51.2,0.040529065,0.0027015442
-51.1,0.040472794,0.0027196715
-51.0,0.040421244,0.0027147422
-50.9,0.040381134,0.0026966736
-50.8,0.040351465,0.0026668753
-50.7,0.040333774,0.0026383991
-50.6,0.040321317,0.002615701
-50.5,0.04031375,0.0026057467
-50.4,0.040304873,0.002603752
-50.3,0.04029838,0.0026004445
-50.2,0.04028805,0.002585386
-50.1,0.040276654,0.0025524658
-50.0,0.040262148,0.0025063334
-49.9,0.040249843,0.0024610157
-49.8,0.040240586,0.0024304101
-49.7,0.04023929,0.0024185923
-49.6,0.040240698,0.002413477
-49.5,0.04024343,0.0024000127
-49.4,0.040232267,0.0023649368
-49.3,0.04020976,0.0023111869
-49.2,0.040184222,0.0022511736
-49.1,0.04017888,0.0022037951
-49.0,0.04021634,0.0021853705
-48.9,0.040315088,0.0022014542
-48.8,0.0404862,0.002253928
-48.7,0.04072903,0.0023299118
-48.6,0.041026223,0.0024200715
-48.5,0.04135818,0.002505136
-48.4,0.041698236,0.0025839137
-48.3,0.042025637,0.002649251
-48.2,0.042323317,0.0027049175
-48.1,0.04258585,0.0027487385
-48.0,0.042810727,0.0027807723
-47.9,0.04299961,0.0028003776
-47.8,0.043153763,0.0028084407
-47.7,0.043281786,0.0028012216
-47.6,0.04338888,0.0027821222
-47.5,0.043476764,0.0027530307
-47.4,0.043541245,0.0027236335
-47.3,0.043574102,0.0027022716
-47.2,0.043571167,0.0026939295
-47.1,0.043539256,0.0026988832
-47.0,0.043490063,0.0027106148
-46.9,0.04343708,0.0027229846
-46.8,0.043385357,0.002734513
-46.7,0.043336846,0.002752787
-46.6,0.043292217,0.0027908941
-46.5,0.0432495,0.0028546199
-46.4,0.04321298,0.0029458706
-46.3,0.043183208,0.0030563108
-46.2,0.043168332,0.0031804303
-46.1,0.043163933,0.003300451
-46.0,0.043168247,0.0034115708
-45.9,0.043174397,0.0034997603
-45.8,0.04318001,0.003568732
-45.7,0.043181643,0.0036134436
-45.6,0.0431711,0.0036375064
-45.5,0.043147124,0.0036448827
-45.4,0.04310691,0.003645113
-45.3,0.04305584,0.003644263
-45.2,0.042995416,0.0036407155
-45.1,0.04293165,0.0036266914
-45.0,0.04286982,0.0036034007
-44.9,0.042814694,0.00357136
-44.8,0.042770356,0.0035346765
-44.7,0.042743374,0.0034907178
-44.6,0.042734437,0.0034369149
-44.5,0.042740725,0.0033733267
-44.4,0.042749327,0.0033002351
-44.3,0.042749893,0.0032266527
-44.2,0.042733572,0.0031634555
-44.1,0.042696264,0.0031229076
-44.0,0.042639483,0.0031071173
-43.9,0.042566232,0.0031092025
-43.8,0.042484563,0.0031237428
-43.7,0.04239967,0.0031427783
-43.6,0.042314425,0.0031608334
-43.5,0.042226072,0.0031705434
-43.4,0.04213019,0.0031756787
-43.3,0.042026963,0.0031809192
-43.2,0.04191954,0.0031936248
-43.1,0.041815493,0.0032113816
-43.0,0.04171697,0.0032258588
-42.9,0.04163099,0.0032309894
-42.8,0.041562933,0.0032215032
-42.7,0.041520014,0.0032001918
-42.6,0.04150276,0.0031675585
-42.5,0.04150973,0.0031225972
-42.4,0.04154272,0.003066151
-42.3,0.041597363,0.002998281
-42.2,0.041669734,0.0029211065
-42.1,0.041760698,0.002830293
-42.0,0.04187343,0.0027300443
-41.9,0.042006698,0.002628021
-41.8,0.042148307,0.0025389614
-41.7,0.0422868,0.0024662458
-41.6,0.042416587,0.0024111788
-41.5,0.042526178,0.0023642231
-41.4,0.042621173,0.0023244007
-41.3,0.042705137,0.0022957632
-41.2,0.042789217,0.0022790488
-41.1,0.042876147,0.0022767854
-41.0,0.042962935,0.002283487
-40.9,0.043047845,0.0023108167
-40.8,0.043119024,0.0023577511
-40.7,0.043172166,0.0024145928
-40.6,0.04320503,0.0024599573
-40.5,0.04321794,0.0024814447
-40.4,0.043214355,0.0024836406
-40.3,0.043191858,0.0024757418
-40.2,0.04315816,0.0024614513
-40.1,0.043118298,0.002442885
-40.0,0.04308518,0.0024254525
-39.9,0.04306086,0.0024183828
-39.8,0.04304779,0.0024235751
-39.7,0.043046396,0.002440165
-39.6,0.04306083,0.0024579088
-39.5,0.04309668,0.002466653
-39.4,0.043159604,0.0024632772
-39.3,0.043258484,0.0024521307
-39.2,0.04339973,0.0024405397
-39.1,0.043581042,0.0024286048
-39.0,0.04379022,0.0024114505
-38.9,0.04400632,0.002378691
-38.8,0.0442113,0.0023297481
-38.7,0.044391017,0.0022736653
-38.6,0.04454104,0.0022353155
-38.5,0.04466316,0.002228889
-38.4,0.044761993,0.0022609949
-38.3,0.04484389,0.0023230803
-38.2,0.04492091,0.0024108374
-38.1,0.045011025,0.002527886
-38.0,0.045127533,0.00268904
-37.9,0.045276884,0.0029034119
-37.8,0.04545684,0.0031634355
-37.7,0.045662418,0.0034576051
-37.6,0.0458892,0.0037764213
-37.5,0.046131004,0.0041020685
-37.4,0.046378795,0.0044061053
-37.3,0.046616357,0.004662773
-37.2,0.04682255,0.004864988
-37.1,0.046979252,0.0050112694
-37.0,0.047079265,0.00511056
-36.9,0.04713088,0.0051710964
-36.8,0.04714766,0.005198938
-36.7,0.04713787,0.0051924526
-36.6,0.047102284,0.0051505947
-36.5,0.047042277,0.0050738505
-36.4,0.04695827,0.0049562342
-36.3,0.046852876,0.004799602
-36.2,0.046722393,0.0046107518
-36.1,0.04656147,0.0044043027
-36.0,0.04636534,0.0041794176
-35.9,0.046138037,0.003940437
-35.8,0.045889948,0.003690734
-35.7,0.045629967,0.0034387058
-35.6,0.04536783,0.0032076144
-35.5,0.04510894,0.0030085002
-35.4,0.04486414,0.00285859
-35.3,0.04463749,0.0027577707
-35.2,0.044432327,0.0027224408
-35.1,0.044245027,0.0027389543
-35.0,0.04407905,0.0027872992
-34.9,0.043946397,0.0028501903
-34.8,0.043852475,0.0029204246
-34.7,0.043793954,0.0029827238
-34.6,0.04376175,0.0030203636
-34.5,0.043749377,0.00304187
-34.4,0.043763623,0.0030779287
-34.3,0.043812778,0.003172117
-34.2,0.0438961,0.0033372112
-34.1,0.044006377,0.0035413262
-34.0,0.044129245,0.0037094327
-33.9,0.04426141,0.0037776325
-33.8,0.044408835,0.003694974
-33.7,0.04457949,0.0034903542
-33.6,0.04478411,0.003254662
-33.5,0.045022074,0.003105467
-33.4,0.045287777,0.0030866999
-33.3,0.045567166,0.0031468188
-33.2,0.04584972,0.0032285212
-33.1,0.046127696,0.0033017867
-33.0,0.046395432,0.0033575457
-32.9,0.046633475,0.0033842274
-32.8,0.046836972,0.0033849513
-32.7,0.0470123,0.0033744124
-32.6,0.04718172,0.003370979
-32.5,0.047359694,0.0033744941
-32.4,0.047555443,0.003375661
-32.3,0.04776624,0.003365307
-32.2,0.047982443,0.0033297418
-32.1,0.048193183,0.0032670097
-32.0,0.048392355,0.0031879283
-31.9,0.04858857,0.0031254792
-31.8,0.04878846,0.003096619
-31.7,0.049003694,0.0031010981
-31.6,0.04923509,0.0031254406
-31.5,0.04948898,0.0031728917
-31.4,0.049778324,0.0032552467
-31.3,0.05011536,0.0033808697
-31.2,0.050506916,0.0035337287
-31.1,0.05094502,0.0036960547
-31.0,0.051422715,0.0038490538
-30.9,0.051936485,0.003985182
-30.8,0.05248378,0.00410116
-30.7,0.053049352,0.004197521
-30.6,0.05360923,0.004279715
-30.5,0.05413465,0.00435304
-30.4,0.054605313,0.0044218767
-30.3,0.055065572,0.004457731
-30.2,0.05545444,0.0044903024
-30.1,0.055761352,0.0045176675
-30.0,0.055912506,0.0045833583
-29.9,0.055976298,0.0046427688
-29.8,0.055965554,0.004703817
-29.7,0.055892088,0.0047683483
-29.6,0.055775158,0.004831576
-29.5,0.055631716,0.004881343
-29.4,0.055478904,0.004909106
-29.3,0.055322003,0.004902859
-29.2,0.05516422,0.0048533734
-29.1,0.0550034,0.004758353
-29.0,0.054831065,0.0046311733
-28.9,0.05464394,0.004486905
-28.8,0.054438792,0.0043340484
-28.7,0.054225028,0.0041810926
-28.6,0.05401492,0.0040401793
-28.5,0.053828884,0.0039219502
-28.4,0.053676404,0.0038248592
-28.3,0.05355873,0.0037431787
-28.2,0.05346948,0.003679693
-28.1,0.05340661,0.0036407572
-28.0,0.053368162,0.0036147214
-27.9,0.053353075,0.003579703
-27.8,0.05336103,0.0035232285
-27.7,0.053389404,0.0034527767
-27.6,0.05343645,0.003383167
-27.5,0.053501837,0.0033231582
-27.4,0.053590048,0.00328359
-27.3,0.05370066,0.0032768908
-27.2,0.053826347,0.003297942
-27.1,0.053964637,0.0033308
-27.0,0.054116163,0.003357554
-26.9,0.05428394,0.0033727568
-26.8,0.054459255,0.0033794339
-26.7,0.0546315,0.00338046
-26.6,0.054793075,0.0033810704
-26.5,0.054949775,0.003384753
-26.4,0.055119354,0.0033990347
-26.3,0.0553234,0.0034307477
-26.2,0.055574268,0.0034888994
-26.1,0.055859745,0.003577954
-26.0,0.056156438,0.0036895596
-25.9,0.056436274,0.0038101063
-25.8,0.056698762,0.0039288043
-25.7,0.056954786,0.0040432634
-25.6,0.057223707,0.0041497382
-25.5,0.05751035,0.00424107
-25.4,0.057805963,0.004315459
-25.3,0.05809145,0.0043734373
-25.2,0.058352582,0.0044099516
-25.1,0.05859813,0.0044206283
-25.0,0.05884688,0.0044071
-24.9,0.059102643,0.004381772
-24.8,0.059389424,0.004361532
-24.7,0.05971266,0.0043553235
-24.6,0.060101796,0.0043669906
-24.5,0.060534865,0.004392022
-24.4,0.06101249,0.0044052196
-24.3,0.06153228,0.0043947
-24.2,0.06209768,0.004351096
-24.1,0.06269383,0.004273033
-24.0,0.06329694,0.0041534426
-23.9,0.063895635,0.0040086224
-23.8,0.064484015,0.0038635426
-23.7,0.06505371,0.0037236384
-23.6,0.06558539,0.0035818429
-23.5,0.06607554,0.0034352741
-23.4,0.066529244,0.0032948717
-23.3,0.06695562,0.0031648574
-23.2,0.06736059,0.0030441268
-23.1,0.067744315,0.0029346158
-23.0,0.068097316,0.0028454945
-22.9,0.06840212,0.0027917533
-22.8,0.068640135,0.0027911009
-22.7,0.068814754,0.002853563
-22.6,0.06894519,0.0029577895
-22.5,0.06905594,0.0030588093
-22.4,0.06915445,0.0031137106
-22.3,0.069236144,0.0031198906
-22.2,0.06929579,0.0030934657
-22.1,0.06933466,0.0030533993
-22.0,0.06935635,0.0030151133
-21.9,0.069369785,0.0030005819
-21.8,0.069394976,0.0030199087
-21.7,0.06945103,0.0030639186
-21.6,0.06954717,0.0031190212
-21.5,0.06967511,0.0031778102
-21.4,0.06981996,0.0032354856
-21.3,0.06996421,0.0032900637
-21.2,0.07008751,0.0033500597
-21.1,0.07017068,0.0034221213
-21.0,0.07021373,0.003504031
-20.9,0.07022931,0.003586904
-20.8,0.07023102,0.003656701
-20.7,0.070225604,0.0037116078
-20.6,0.07021229,0.0037548735
-20.5,0.070189595,0.003800107
-20.4,0.07015087,0.0038605614
-20.3,0.07009513,0.0039488366
-20.2,0.07003287,0.004078189
-20.1,0.0699726,0.004250767
-20.0,0.06991363,0.004457887
-19.9,0.0698413,0.0046762335
-19.8,0.069731034,0.004891009
-19.7,0.06955957,0.0050934376
-19.6,0.06931738,0.0052795405
-19.5,0.069015436,0.005439057
-19.4,0.068667546,0.0055594966
-19.3,0.068280205,0.005634554
-19.2,0.067861974,0.005661306
-19.1,0.06743286,0.00564908
-19.0,0.0670198,0.00561581
-18.9,0.06663448,0.005581579
-18.8,0.06627333,0.005557805
-18.7,0.06593509,0.0055593755
-18.6,0.06561226,0.005604248
-18.5,0.06528935,0.0057033584
-18.4,0.06494312,0.0058378973
-18.3,0.0645715,0.0059814737
-18.2,0.06418965,0.006114088
-18.1,0.063814454,0.0062254895
-18.0,0.06345729,0.006322688
-17.9,0.06311792,0.0064189867
-17.8,0.06278102,0.006513284
-17.7,0.062418982,0.006574298
-17.6,0.06201806,0.0065761195
-17.5,0.061586183,0.0065266583
-17.4,0.06114395,0.006454752
-17.3,0.060686022,0.0063580754
-17.2,0.060201444,0.0062200003
-17.1,0.05968228,0.006026276
-17.0,0.059152342,0.0058080587
-16.9,0.0586381,0.00560364
-16.8,0.05815856,0.0054397457
-16.7,0.057707403,0.0053113396
-16.6,0.057268243,0.0052056694
-16.5,0.05682837,0.005116224
-16.4,0.056395013,0.0050561186
-16.3,0.05597322,0.005025537
-16.2,0.055568844,0.0050141765
-16.1,0.055180162,0.0050019575
-16.0,0.05481503,0.0049881553
-15.9,0.054475635,0.0049808994
-15.8,0.054168113,0.004987639
-15.7,0.05389544,0.005013904
-15.6,0.05365832,0.0050611487
-15.5,0.053448036,0.005120767
-15.4,0.053254187,0.0051812213
-15.3,0.053066723,0.0052330378
-15.2,0.052878167,0.0052676573
-15.1,0.052694988,0.0052796057
-15.0,0.0525325,0.0052765845
-14.9,0.052407626,0.0052800695
-14.8,0.05232283,0.005301462
-14.7,0.052270666,0.005335277
-14.6,0.05224473,0.0053690304
-14.5,0.052242965,0.0053929435
-14.4,0.052264497,0.005400441
-14.3,0.05230477,0.0053872527
-14.2,0.052354418,0.005351042
-14.1,0.052412555,0.0053022676
-14.0,0.052489843,0.0052580037
-13.9,0.052599184,0.005222798
-13.8,0.05274649,0.005184636
-13.7,0.052927133,0.005128242
-13.6,0.05313404,0.0050482755
-13.5,0.053364594,0.00493964
-13.4,0.053622093,0.004800343
-13.3,0.053914454,0.0046377154
-13.2,0.05424234,0.004452344
-13.1,0.05459353,0.0042422484
-13.0,0.0549517,0.004024555
-12.9,0.05530692,0.0038336613
-12.8,0.055656336,0.0036864465
-12.7,0.055998232,0.0035722933
-12.6,0.056332063,0.0034798193
-12.5,0.056658722,0.0034055158
-12.4,0.05697737,0.0033411034
-12.3,0.05728065,0.0032799896
-12.2,0.057563223,0.0032261133
-12.1,0.057824444,0.003184092
-12.0,0.05807133,0.003155455
-11.9,0.058315746,0.0031383927
-11.8,0.05857055,0.003133259
-11.7,0.058846496,0.0031370642
-11.6,0.059146702,0.003142849
-11.5,0.05946902,0.003135642
-11.4,0.059803274,0.0031064448
-11.3,0.0601314,0.0030669365
-11.2,0.060432997,0.0030430981
-11.1,0.060693063,0.0030541024
-11.0,0.06090578,0.00309634
-10.9,0.06107188,0.003162142
-10.8,0.06119568,0.0032462385
-10.7,0.061288442,0.0033541354
-10.6,0.061359644,0.003483082
-10.5,0.061415285,0.0036238108
-10.4,0.06146472,0.0037574805
-10.3,0.06151714,0.0038571174
-10.2,0.061557975,0.0039299023
-10.1,0.061574165,0.0039741076
-10.0,0.06155537,0.003998899
-9.9,0.061507665,0.003996908
-9.8,0.06143128,0.0039857193
-9.7,0.06133702,0.003983068
-9.6,0.061251912,0.0039958847
-9.5,0.061198533,0.0040086117
-9.4,0.061179027,0.004009275
-9.3,0.061182667,0.0039858418
-9.2,0.06119601,0.003930796
-9.1,0.06121219,0.003838055
-9.0,0.061222754,0.0037117412
-8.9,0.061196305,0.003577855
-8.8,0.061137244,0.0034664143
-8.7,0.061024833,0.0033890828
-8.6,0.06087533,0.0033430592
-8.5,0.060679246,0.0033091046
-8.4,0.060460463,0.0032773833
-8.3,0.06025191,0.0032312097
-8.2,0.060048312,0.0031651447
-8.1,0.059857957,0.0030797143
-8.0,0.05967745,0.0029904686
-7.9,0.059523113,0.0029024228
-7.8,0.059396714,0.0028178007
-7.7,0.05930327,0.002749592
-7.6,0.059239298,0.0027087647
-7.5,0.05920026,0.0027014734
-7.4,0.05918198,0.0027207988
-7.3,0.05919521,0.0027749978
-7.2,0.05924314,0.0028662821
-7.1,0.0593205,0.0029868141
-7.0,0.059427783,0.0031225355
-6.9,0.059590884,0.003259314
-6.8,0.05983715,0.0033856048
-6.7,0.060175132,0.003497831
-6.6,0.06059076,0.003599002
-6.5,0.06106107,0.0036930738
-6.4,0.06157242,0.003781248
-6.3,0.062119275,0.0038682101
-6.2,0.062701575,0.0039541014
-6.1,0.06332779,0.0040402906
-6.0,0.06400522,0.004124996
-5.9,0.06473355,0.004206537
-5.8,0.06549001,0.004287325
-5.7,0.066248134,0.004373671
-5.6,0.06699419,0.004460954
-5.5,0.06772531,0.0045270287
-5.4,0.068440855,0.004562221
-5.3,0.06913694,0.004574963
-5.2,0.06981147,0.0045843367
-5.1,0.070473,0.0045969277
-5.0,0.07114024,0.0046224077
-4.9,0.07181111,0.0046615675
-4.8,0.072458744,0.0047118086
-4.7,0.0730484,0.0047611273
-4.6,0.07357182,0.004804081
-4.5,0.07403731,0.004842046
-4.4,0.07445538,0.004879263
-4.3,0.07483456,0.0048996727
-4.2,0.075178884,0.00488432
-4.1,0.075492136,0.004823268
-4.0,0.07577303,0.0047287005
-3.9,0.07602244,0.004618383
-3.8,0.07624444,0.004508329
-3.7,0.07644977,0.004407376
-3.6,0.076640464,0.0043155397
-3.5,0.07681642,0.0042329906
-3.4,0.07697798,0.004162744
-3.3,0.07712756,0.0041051544
-3.2,0.07725665,0.0040569687
-3.1,0.077338584,0.004012558
-3.0,0.07735631,0.0039757653
-2.9,0.077313505,0.0039551957
-2.8,0.07723725,0.0039597047
-2.7,0.07715339,0.0039871014
-2.6,0.077071786,0.0040243897
-2.5,0.07699021,0.004058681
-2.4,0.07690455,0.004084717
-2.3,0.07681871,0.0041096723
-2.2,0.07673678,0.004141801
-2.1,0.07665058,0.004187505
-2.0,0.0765411,0.004233549
-1.9,0.076402426,0.0042716814
-1.8,0.07624221,0.004296322
-1.7,0.076075956,0.0043120906
-1.6,0.07591032,0.004322085
-1.5,0.0757604,0.0043324577
-1.4,0.0756338,0.0043496173
-1.3,0.07553238,0.004373843
-1.2,0.07544864,0.0043959524
-1.1,0.07537485,0.0044042724
-1.0,0.075304694,0.0043868152
-0.9,0.07523711,0.004338512
-0.8,0.07517368,0.004264958
-0.7,0.075107045,0.004181927
-0.6,0.07502363,0.004102649
-0.5,0.074914835,0.0040349443
-0.4,0.07479349,0.00397663
-0.3,0.074673906,0.00392394
-0.2,0.074563354,0.00387506
-0.1,0.07445349,0.003834405
-0.0,0.074333586,0.0038043396
0.1,0.07419965,0.0037774625
0.2,0.074053615,0.0037416643
0.3,0.07390469,0.0036932162
0.4,0.07376069,0.0036316698
0.5,0.07362428,0.003554815
0.6,0.073489904,0.003455877
0.7,0.07335116,0.0033355178
0.8,0.07321323,0.0032052593
0.9,0.07309047,0.0030833606
1.0,0.072994314,0.0029876723
1.1,0.072927535,0.002923948
1.2,0.072891146,0.0028938793
1.3,0.072892554,0.0029002405
1.4,0.07293157,0.0029453998
1.5,0.07300167,0.0030204463
1.6,0.0730969,0.003106972
1.7,0.07321284,0.003185924
1.8,0.07335386,0.0032470108
1.9,0.07351958,0.0032869175
2.0,0.07370425,0.0033074128
2.1,0.073886655,0.0033179144
2.2,0.0740491,0.0033334095
2.3,0.07422879,0.0033827538
2.4,0.074415654,0.0034342876
2.5,0.074616715,0.0034683864
2.6,0.07480385,0.0034628813
2.7,0.07500182,0.0034410027
2.8,0.075212725,0.0034157615
2.9,0.075432055,0.0034067833
3.0,0.07565221,0.0034206857
3.1,0.075875886,0.0034542934
3.2,0.076107554,0.0034961726
3.3,0.07635646,0.0035509802
3.4,0.0766265,0.0036216066
3.5,0.07691728,0.0037087626
3.6,0.07721412,0.003791106
3.7,0.0774954,0.0038576685
3.8,0.077736415,0.003907845
3.9,0.07792294,0.003955823
4.0,0.0780545,0.004012242
4.1,0.07814304,0.0040837564
4.2,0.07820728,0.004182549
4.3,0.07826766,0.0043215374
4.4,0.07833368,0.0045082765
4.5,0.078401126,0.0047353134
4.6,0.07846085,0.0049878326
4.7,0.07851322,0.005237928
4.8,0.078562155,0.0054566865
4.9,0.078606,0.0056220717
5.0,0.07863942,0.00572058
5.1,0.07866523,0.005758133
5.2,0.078694806,0.005756491
5.3,0.078739524,0.005740772
5.4,0.07879718,0.0057226876
5.5,0.078854576,0.005709125
5.6,0.078894705,0.0057086293
5.7,0.078905284,0.005733345
5.8,0.078882016,0.005782006
5.9,0.0788284,0.005842711
6.0,0.078747965,0.0058941822
6.1,0.078627326,0.005922474
6.2,0.078451514,0.0059229955
6.3,0.07821076,0.00590102
6.4,0.07790239,0.0058611645
6.5,0.07752032,0.0058071422
6.6,0.07706588,0.005740296
6.7,0.07656761,0.0056633917
6.8,0.07606271,0.0055847736
6.9,0.075572014,0.005527217
7.0,0.07509073,0.0055048577
7.1,0.07460791,0.005507643
7.2,0.07412416,0.0055093565
7.3,0.07365233,0.0054894197
7.4,0.0732057,0.0054521514
7.5,0.07278856,0.005404824
7.6,0.07239354,0.005350849
7.7,0.07200858,0.0052804095
7.8,0.07161837,0.005188706
7.9,0.07121362,0.0050815432
8.0,0.07079411,0.004976633
8.1,0.07037108,0.0048816735
8.2,0.06994686,0.004791676
8.3,0.06951931,0.0046921666
8.4,0.06907202,0.004586384
8.5,0.068589784,0.004500114
8.6,0.06805621,0.0044539985
8.7,0.06746993,0.0044529173
8.8,0.06684273,0.004488283
8.9,0.06619215,0.004547023
9.0,0.06553516,0.004614436
9.1,0.064887404,0.0046722046
9.2,0.06425671,0.004718485
9.3,0.06365468,0.0047525703
9.4,0.06309489,0.00476793
9.5,0.06258478,0.0047536236
9.6,0.06212298,0.0047089574
9.7,0.06170323,0.0046449336
9.8,0.06132631,0.004582762
9.9,0.060988493,0.0045375205
10.0,0.060681798,0.0045162183
10.1,0.060398944,0.0045183264
10.2,0.060132,0.004537215
10.3,0.059876047,0.0045602503
10.4,0.059628412,0.004570416
10.5,0.05938718,0.004560666
10.6,0.059143897,0.004530951
10.7,0.058886603,0.0044844276
10.8,0.058608253,0.0044300123
10.9,0.05831362,0.0043812282
11.0,0.058013793,0.0043514436
11.1,0.057702597,0.0043377583
11.2,0.05740374,0.0043265303
11.3,0.057116315,0.0043033473
11.4,0.05684712,0.004269654
11.5,0.056584086,0.004224646
11.6,0.05634257,0.0041785515
11.7,0.056157224,0.0041538435
11.8,0.05600524,0.0041460493
11.9,0.055873245,0.004146065
12.0,0.0557355,0.0041357237
12.1,0.055624362,0.004131425
12.2,0.055539966,0.0041383
12.3,0.055475954,0.0041566463
12.4,0.05542363,0.0041823913
12.5,0.0553869,0.0042088716
12.6,0.055379782,0.004231721
12.7,0.055410434,0.0042504547
12.8,0.055470556,0.004266007
12.9,0.055541776,0.004271437
13.0,0.05561208,0.004260945
13.1,0.05568286,0.00423852
13.2,0.055760927,0.0042107045
13.3,0.05585082,0.0041829795
13.4,0.055967513,0.004161988
13.5,0.05612121,0.004154988
13.6,0.056315605,0.0041683526
13.7,0.056540716,0.0041984636
13.8,0.056781657,0.004235195
13.9,0.05703073,0.0042679976
14.0,0.057280824,0.0042916676
14.1,0.05753537,0.0043094573
14.2,0.057804625,0.00432797
14.3,0.05809817,0.004355191
14.4,0.058422193,0.004395079
14.5,0.05877819,0.004449954
14.6,0.059172854,0.004520836
14.7,0.059614647,0.0046040597
14.8,0.060101833,0.0046870033
14.9,0.060629025,0.004756672
15.0,0.061192784,0.0048154965
15.1,0.061805334,0.0048797694
15.2,0.062477987,0.0049581616
15.3,0.06321011,0.0050427155
15.4,0.063981585,0.0051161237
15.5,0.06477151,0.005175691
15.6,0.06556067,0.0052240086
15.7,0.06633597,0.005261563
15.8,0.06709086,0.005284587
15.9,0.06782228,0.005285149
16.0,0.06853741,0.005261781
16.1,0.069228,0.0052177846
16.2,0.069887854,0.005158864
16.3,0.07050141,0.005089139
16.4,0.07106747,0.005008425
16.5,0.07158919,0.0049188933
16.6,0.07207175,0.004825569
16.7,0.07251522,0.004731443
16.8,0.07292037,0.004632245
16.9,0.07328638,0.004523059
17.0,0.073609054,0.004412196
17.1,0.0738782,0.004315613
17.2,0.07408415,0.004249913
17.3,0.074233025,0.004224879
17.4,0.07433195,0.004254161
17.5,0.07438913,0.0043401895
17.6,0.07440937,0.0044618896
17.7,0.07441898,0.0045775454
17.8,0.07444418,0.00465352
17.9,0.074497156,0.0046773423
18.0,0.07455811,0.004665509
18.1,0.07460641,0.0046486855
18.2,0.074625276,0.004648708
18.3,0.074607335,0.004658688
18.4,0.07453457,0.0046573956
18.5,0.07439481,0.004629957
18.6,0.074188784,0.004570859
18.7,0.07392943,0.004484354
18.8,0.07362356,0.0043893373
18.9,0.073261514,0.004308128
19.0,0.07282458,0.0042470335
19.1,0.07228204,0.0041892207
19.2,0.071620874,0.004112953
19.3,0.07085609,0.004016581
19.4,0.070037484,0.003930001
19.5,0.0692145,0.003889792
19.6,0.06841023,0.0038901595
19.7,0.067615636,0.003886682
19.8,0.06680276,0.003848299
19.9,0.065966845,0.0037739896
20.0,0.065121725,0.003675176
20.1,0.06428474,0.0035652989
20.2,0.06347151,0.0034478456
20.3,0.06270529,0.0033303772
20.4,0.062014025,0.0032203773
20.5,0.06139801,0.0031345168
20.6,0.060831074,0.0030868445
20.7,0.060287815,0.0030797992
20.8,0.05976026,0.0031076663
20.9,0.05926406,0.0031616164
21.0,0.05881964,0.0032244262
21.1,0.058444377,0.0032719963
21.2,0.058143247,0.0032764215
21.3,0.05789747,0.003223584
21.4,0.057658013,0.003121428
21.5,0.057343416,0.0030085011
21.6,0.056859795,0.002941891
21.7,0.05614498,0.0029511345
21.8,0.055211134,0.0029942836
21.9,0.054153815,0.002990227
22.0,0.053111404,0.0029096357
22.1,0.05222097,0.0027828468
22.2,0.051591165,0.0026820835
22.3,0.05129736,0.0026656364
22.4,0.051350083,0.0027370893
22.5,0.05170059,0.0028419497
22.6,0.05226443,0.0029168366
22.7,0.05296567,0.0029323818
22.8,0.053745016,0.0028989927
22.9,0.054559454,0.0028486697
23.0,0.055368952,0.002812397
23.1,0.05613882,0.002801363
23.2,0.05684259,0.0028076828
23.3,0.0574742,0.0028316958
23.4,0.05804905,0.0028800957
23.5,0.058591377,0.0029666673
23.6,0.05911918,0.0030811462
23.7,0.059640456,0.003201192
23.8,0.060146697,0.003309704
23.9,0.0606353,0.0034052962
24.0,0.06110052,0.0034852177
24.1,0.06153377,0.0035482657
24.2,0.06191332,0.0035941934
24.3,0.062217742,0.0036373318
24.4,0.062447418,0.003684635
24.5,0.06262513,0.0037412487
24.6,0.06277643,0.003798046
24.7,0.06291363,0.0038446037
24.8,0.06302737,0.0038637337
24.9,0.06311724,0.003846997
25.0,0.06318735,0.0037943635
25.1,0.06323893,0.0037222835
25.2,0.06326537,0.0036520907
25.3,0.063258685,0.0036157412
25.4,0.06320767,0.0036284116
25.5,0.06310945,0.0036900702
25.6,0.062965445,0.0037849357
25.7,0.06279654,0.0038981615
25.8,0.06262692,0.004014021
25.9,0.062471863,0.0041263453
26.0,0.062340125,0.0042280448
26.1,0.06223314,0.0043205637
26.2,0.062160272,0.004403762
26.3,0.06213198,0.004486577
26.4,0.0621508,0.004575348
26.5,0.062210698,0.0046698595
26.6,0.06230421,0.004761074
26.7,0.062432274,0.004841979
26.8,0.062598445,0.004906172
26.9,0.06280014,0.00495057
27.0,0.063026436,0.0049690465
27.1,0.0632684,0.004958454
27.2,0.0635232,0.0049208887
27.3,0.06379106,0.004861639
27.4,0.06406754,0.0047907224
27.5,0.06435349,0.004722097
27.6,0.06464759,0.004670278
27.7,0.06495058,0.0046390556
27.8,0.06525369,0.004613402
27.9,0.065545,0.0045754984
28.0,0.065809384,0.0045192232
28.1,0.06604068,0.004457623
28.2,0.06623834,0.0044103176
28.3,0.06640722,0.0043865344
28.4,0.06655088,0.0043835086
28.5,0.06666967,0.0043886914
28.6,0.06676111,0.0043923045
28.7,0.06681394,0.004390413
28.8,0.06682281,0.0043792534
28.9,0.066789955,0.004351406
29.0,0.06672637,0.0043030633
29.1,0.066641286,0.0042353366
29.2,0.06653377,0.0041576717
29.3,0.066404074,0.004080769
29.4,0.06625513,0.004011431
29.5,0.06609391,0.0039488096
29.6,0.06591982,0.0038818761
29.7,0.06572384,0.0038088288
29.8,0.0655002,0.0037492996
29.9,0.06525569,0.0037284452
30.0,0.065007456,0.0037545464
30.1,0.06476838,0.003817999
30.2,0.06453977,0.003901953
30.3,0.06431618,0.0039896686
30.4,0.06409165,0.0040679523
30.5,0.063852705,0.0041280254
30.6,0.06358032,0.0041676206
30.7,0.06325687,0.004182684
30.8,0.062886864,0.0041725566
30.9,0.062488902,0.0041376706
31.0,0.062087808,0.0040783635
31.1,0.061694983,0.0039930497
31.2,0.06131477,0.0038842293
31.3,0.060944732,0.0037573052
31.4,0.060580123,0.003619444
31.5,0.060214233,0.0034752558
31.6,0.059842527,0.0033288987
31.7,0.05946872,0.003188197
31.8,0.05910698,0.003063485
31.9,0.058771957,0.0029649138
32.0,0.058470935,0.0028969175
32.1,0.058199953,0.0028570131
32.2,0.057947207,0.0028413911
32.3,0.057698358,0.0028426524
32.4,0.057435814,0.002851446
32.5,0.057149034,0.00285907
32.6,0.056834128,0.0028657163
32.7,0.056491558,0.0028806992
32.8,0.056124818,0.002917494
32.9,0.05573759,0.00299111
33.0,0.05533642,0.0030818612
33.1,0.054931115,0.0031644031
33.2,0.0545401,0.003207142
33.3,0.05415664,0.0032200448
33.4,0.05378552,0.003216244
33.5,0.053444114,0.0032062663
33.6,0.0531565,0.0031865896
33.7,0.052936226,0.0031566885
33.8,0.052783713,0.003116842
33.9,0.05268196,0.0030703272
34.0,0.05261588,0.0030188847
34.1,0.052577425,0.0029728597
34.2,0.052566346,0.0029458269
34.3,0.052584838,0.002946461
34.4,0.05262743,0.0029708438
34.5,0.052684486,0.0030046904
34.6,0.05275319,0.003039189
34.7,0.052840453,0.0030752001
34.8,0.052954,0.0031191504
34.9,0.05309961,0.003163757
35.0,0.053268977,0.0032000833
35.1,0.053456713,0.0032225237
35.2,0.053656965,0.0032432305
35.3,0.053871546,0.003253141
35.4,0.054097466,0.0032519344
35.5,0.054327384,0.003238983
35.6,0.05455497,0.0032352575
35.7,0.054772735,0.0032450547
35.8,0.054980643,0.0032678568
35.9,0.05516963,0.0032922823
36.0,0.05533547,0.0033170015
36.1,0.05547077,0.0033466127
36.2,0.055584174,0.0033892475
36.3,0.055686068,0.003444105
36.4,0.055781566,0.0035079888
36.5,0.055872705,0.003561006
36.6,0.05596257,0.0035939005
36.7,0.056057524,0.0035973429
36.8,0.056159068,0.0035867852
36.9,0.056258515,0.003568892
37.0,0.05634149,0.0035509258
37.1,0.056394413,0.00352862
37.2,0.056400876,0.003500282
37.3,0.056361098,0.0034680709
37.4,0.056276496,0.0034379968
37.5,0.056159545,0.0034158807
37.6,0.056013603,0.0033896512
37.7,0.055837337,0.0033553913
37.8,0.05562275,0.003303061
37.9,0.055359207,0.003241302
38.0,0.05503637,0.0031827465
38.1,0.0546598,0.0031463788
38.2,0.05423782,0.0031468677
38.3,0.053783786,0.0031832147
38.4,0.053306904,0.0032432787
38.5,0.052814063,0.0033033558
38.6,0.052316133,0.0033411141
38.7,0.051827293,0.0033408613
38.8,0.051362664,0.0033181584
38.9,0.050934076,0.0032927557
39.0,0.050545737,0.0032797721
39.1,0.050194632,0.0032742086
39.2,0.04987871,0.0032764664
39.3,0.049598847,0.003284576
39.4,0.049360745,0.0032926018
39.5,0.04916326,0.003295377
39.6,0.048997622,0.0032880013
39.7,0.048852973,0.0032745441
39.8,0.04872256,0.003258915
39.9,0.04859607,0.0032475966
40.0,0.04847077,0.0032473519
40.1,0.04834807,0.0032579158
40.2,0.048237238,0.003278443
40.3,0.048141133,0.003304885
40.4,0.04806247,0.0033325572
40.5,0.047998764,0.0033637173
40.6,0.04794929,0.003402061
40.7,0.047901243,0.0034350688
40.8,0.047847506,0.0034535641
40.9,0.047779314,0.003450663
41.0,0.04769648,0.0034466428
41.1,0.04759567,0.0034562268
41.2,0.04747874,0.0034860359
41.3,0.047346834,0.0035278508
41.4,0.047205098,0.0035645433
41.5,0.047056563,0.0035915596
41.6,0.046901718,0.0036094966
41.7,0.04673627,0.0036229247
41.8,0.046556924,0.0036288071
41.9,0.04636991,0.0036185542
42.0,0.046179514,0.0035877977
42.1,0.04598506,0.0035394991
42.2,0.0457807,0.0034825988
42.3,0.04556319,0.003416736
42.4,0.045337092,0.0033438625
42.5,0.045101576,0.003274742
42.6,0.044857044,0.0032349858
42.7,0.044602185,0.0032401641
42.8,0.044346344,0.0032839011
42.9,0.044069108,0.003339596
43.0,0.043816317,0.0033860232
43.1,0.043585837,0.0034186298
43.2,0.043399796,0.0034539613
43.3,0.04322692,0.0034833704
43.4,0.043071926,0.0034987235
43.5,0.042931043,0.0034875234
43.6,0.042806324,0.0034544438
43.7,0.042690806,0.0034124688
43.8,0.04258068,0.0033768131
43.9,0.042476267,0.003353598
44.0,0.042380985,0.0033403975
44.1,0.042305354,0.0033397332
44.2,0.04225664,0.003355212
44.3,0.042250413,0.0034163205
44.4,0.042291638,0.0035570522
44.5,0.0423787,0.0038274683
44.6,0.04249488,0.0042289374
44.7,0.04262011,0.0047329664
44.8,0.042734563,0.0052482537
44.9,0.04282869,0.0057148268
45.0,0.042900518,0.0060858564
45.1,0.04295548,0.0063351532
45.2,0.04299069,0.0064409967
45.3,0.043007042,0.0064054276
45.4,0.04299725,0.0062325364
45.5,0.04296176,0.005951984
45.6,0.04288992,0.0055655935
45.7,0.042782307,0.005131384
45.8,0.042639207,0.0046927393
45.9,0.042477526,0.004316109
46.0,0.04230955,0.0040145502
46.1,0.04215607,0.0037949872
46.2,0.042030275,0.0036486536
46.3,0.04193906,0.0035764077
46.4,0.041879598,0.003562174
46.5,0.041841213,0.003588148
46.6,0.04182244,0.0036404543
46.7,0.041820396,0.0036962037
46.8,0.04183548,0.0037395963
46.9,0.04186014,0.003757595
47.0,0.04189123,0.0037516097
47.1,0.041922167,0.0037256302
47.2,0.04194934,0.0036841256
47.3,0.041963976,0.0036334558
47.4,0.041964337,0.0035779022
47.5,0.04195092,0.0035307843
47.6,0.04192823,0.0034943523
47.7,0.041902434,0.003473852
47.8,0.041880675,0.003467133
47.9,0.041870326,0.0034765073
48.0,0.041870717,0.0035000122
48.1,0.041884627,0.003534128
48.2,0.04190277,0.003570656
48.3,0.041925225,0.003607254
48.4,0.041941307,0.0036326423
48.5,0.04194872,0.0036434543
48.6,0.04194226,0.003634523
48.7,0.041923575,0.0036081984
48.8,0.041896295,0.0035709024
48.9,0.041866492,0.0035272213
49.0,0.04183954,0.003486465
49.1,0.041821033,0.0034495709
49.2,0.041805103,0.0034167247
49.3,0.041787945,0.0033843422
49.4,0.041764922,0.0033524972
49.5,0.04173852,0.0033265066
49.6,0.041713,0.0033063798
49.7,0.041690566,0.0032946507
49.8,0.0416724,0.0032866583
49.9,0.041661724,0.0032870865
50.0,0.041659992,0.0032900202
50.1,0.041675095,0.0032909059
50.2,0.041704383,0.0032859081
50.3,0.041743394,0.00326288
50.4,0.041776028,0.003227689
50.5,0.04179266,0.0031675056
50.6,0.04179036,0.0031019906
50.7,0.041771367,0.0030234163
50.8,0.041740257,0.002952502
50.9,0.04170322,0.0028830222
51.0,0.041669022,0.0028300406
51.1,0.041647136,0.0027923104
51.2,0.041638896,0.0027718213
51.3,0.041643925,0.0027640527
51.4,0.04165462,0.0027501946
51.5,0.041666582,0.002735022
51.6,0.041684262,0.0027147161
51.7,0.041717477,0.0027153704
51.8,0.041789293,0.0027590024
51.9,0.04190593,0.0028610006
52.0,0.042070653,0.0030068082
52.1,0.04226474,0.0031687582
52.2,0.042466253,0.0033038124
52.3,0.04265872,0.0034155003
52.4,0.042829487,0.0034953454
52.5,0.04298461,0.0035699604
52.6,0.04312277,0.0036371455
52.7,0.043251753,0.0036983797
52.8,0.043372136,0.0037550712
52.9,0.043492902,0.0038038099
53.0,0.04362314,0.0038602436
53.1,0.04376776,0.0039198953
53.2,0.04392622,0.003984552
53.3,0.04409438,0.0040276544
53.4,0.044269506,0.0040376605
53.5,0.044448435,0.0039946646
53.6,0.04462633,0.0039178906
53.7,0.044799943,0.003813218
53.8,0.0449692,0.0037105298
53.9,0.04514208,0.0036078102
54.0,0.045324866,0.003524687
54.1,0.04552079,0.0034629744
54.2,0.045727823,0.003443024
54.3,0.04594725,0.003463756
54.4,0.046175376,0.0035265372
54.5,0.04640907,0.0036095364
54.6,0.046640906,0.0037058885
54.7,0.04686575,0.0037882733
54.8,0.04707762,0.0038626941
54.9,0.047271762,0.003902892
55.0,0.047451556,0.0039240685
55.1,0.04761791,0.0039082128
55.2,0.04777968,0.003878002
55.3,0.047936227,0.0038282566
55.4,0.048094556,0.0037823913
55.5,0.04825174,0.0037361511
55.6,0.048411917,0.0037012566
55.7,0.048573393,0.0036682878
55.8,0.048741873,0.0036412638
55.9,0.048921667,0.0036156569
56.0,0.049117804,0.0035966022
56.1,0.049331505,0.0035845141
56.2,0.049557857,0.0035853947
56.3,0.049788956,0.0035955412
56.4,0.050014786,0.0036123632
56.5,0.050232988,0.0036276695
56.6,0.05043928,0.0036340407
56.7,0.05063962,0.0036357231
56.8,0.05083581,0.003633341
56.9,0.051035274,0.0036433577
57.0,0.051240914,0.0036640128
57.1,0.05145216,0.003703089
57.2,0.051675394,0.00375495
57.3,0.051906742,0.0038212624
57.4,0.052156124,0.0038919752
57.5,0.052418258,0.0039618374
57.6,0.052699566,0.004026193
57.7,0.05299161,0.004083076
57.8,0.053292505,0.0041373596
57.9,0.053589758,0.004182822
58.0,0.053883784,0.004229197
58.1,0.054163232,0.004267574
58.2,0.054435745,0.0043081692
58.3,0.0546938,0.0043440484
58.4,0.05494717,0.004380936
58.5,0.055197325,0.0044105425
58.6,0.05544981,0.0044309134
58.7,0.05570799,0.0044441354
58.8,0.05597192,0.0044524265
58.9,0.0562405,0.0044660135
59.0,0.056517206,0.004483999
59.1,0.056799214,0.00451586
59.2,0.057090446,0.004547288
59.3,0.05738213,0.0045745103
59.4,0.05767657,0.0045881574
59.5,0.057972636,0.004591457
59.6,0.058272462,0.004590491
59.7,0.05856747,0.004578059
59.8,0.058855087,0.0045634466
59.9,0.059130944,0.0045354804
60.0,0.059401233,0.004504327
60.1,0.05966347,0.0044679157
60.2,0.059925333,0.004428948
60.3,0.0601862,0.0043940633
60.4,0.06045312,0.0043528797
60.5,0.0607208,0.00431447
60.6,0.060995124,0.0042705685
60.7,0.06126888,0.0042218906
60.8,0.061548434,0.0041697165
60.9,0.06183194,0.0041123643
61.0,0.062129725,0.004061427
61.1,0.062436804,0.004016021
61.2,0.06276129,0.0039758314
61.3,0.063094735,0.0039463937
61.4,0.063443586,0.0039158533
61.5,0.0637989,0.0038951384
61.6,0.06416034,0.003876363
61.7,0.064521216,0.0038705852
61.8,0.06488075,0.003881373
61.9,0.0652385,0.003906584
62.0,0.06559683,0.003945336
62.1,0.06595877,0.0039958316
62.2,0.06633108,0.004048997
62.3,0.06671742,0.0041050245
62.4,0.067118905,0.00415906
62.5,0.06753812,0.004213818
62.6,0.067970306,0.004270964
62.7,0.068421334,0.0043251473
62.8,0.06888388,0.0043830853
62.9,0.06936392,0.0044384287
63.0,0.069864005,0.004503819
63.1,0.07038156,0.0045801983
63.2,0.07092696,0.004664986
63.3,0.07149109,0.004764456
63.4,0.07208271,0.0048718103
63.5,0.07270149,0.004986346
63.6,0.07335039,0.005099926
63.7,0.074028336,0.0052094935
63.8,0.07474063,0.005319009
63.9,0.0754845,0.0054280814
64.0,0.076259606,0.0055304053
64.1,0.07705806,0.0056296024
64.2,0.07787114,0.0057253432
64.3,0.078707844,0.005805091
64.4,0.07955326,0.005867764
64.5,0.08041321,0.0059080534
64.6,0.08128033,0.005923841
64.7,0.082147695,0.005916949
64.8,0.083020575,0.005886117
64.9,0.08388062,0.005839216
65.0,0.08473787,0.0057774237
65.1,0.08558525,0.0057052914
65.2,0.08642353,0.005626133
65.3,0.087255545,0.005544463
65.4,0.08807631,0.0054641403
65.5,0.08889992,0.0053899
65.6,0.089721575,0.0053264033
65.7,0.090546586,0.005273693
65.8,0.09137389,0.0052358047
65.9,0.092197955,0.005214547
66.0,0.09302066,0.0052082064
66.1,0.09382085,0.0052080695
66.2,0.09460748,0.005212824
66.3,0.095377654,0.005225291
66.4,0.09612033,0.00522537
66.5,0.09683782,0.005212538
66.6,0.097524926,0.005192783
66.7,0.09819683,0.0051601306
66.8,0.098849766,0.0051193708
66.9,0.09948108,0.005073617
67.0,0.10009844,0.00502546
67.1,0.10069572,0.004980638
67.2,0.101282716,0.004933093
67.3,0.101861164,0.004882731
67.4,0.102426216,0.004829509
67.5,0.10298371,0.0047728
67.6,0.10353799,0.0047214944
67.7,0.1041005,0.004672214
67.8,0.10467,0.0046274546
67.9,0.1052407,0.004594909
68.0,0.10581692,0.004570728
68.1,0.10639593,0.004557409
68.2,0.106977046,0.004548779
68.3,0.10755795,0.0045350716
68.4,0.108131245,0.0045203525
68.5,0.10870767,0.004497883
68.6,0.1092875,0.0044760136
68.7,0.10986848,0.004454933
68.8,0.11045586,0.004432557
68.9,0.11104824,0.0044186725
69.0,0.11165233,0.0044118543
69.1,0.11227158,0.0044126343
69.2,0.11289858,0.004422037
69.3,0.1135391,0.004428629
69.4,0.11418821,0.0044337134
69.5,0.11484477,0.004438368
69.6,0.115510166,0.0044440394
69.7,0.116185434,0.0044528744
69.8,0.116868,0.0044637206
69.9,0.11755925,0.004477161
70.0,0.11825439,0.004493408
70.1,0.11895262,0.0045036566
70.2,0.119656704,0.004511289
70.3,0.120359555,0.004525186
70.4,0.12107096,0.004533893
70.5,0.121787235,0.004545903
70.6,0.122508086,0.0045613777
70.7,0.123240426,0.0045795585
70.8,0.1239876,0.0045958264
70.9,0.124747045,0.0046082614
71.0,0.12551908,0.004616444
71.1,0.12630147,0.0046307063
71.2,0.12709679,0.0046422924
71.3,0.1279097,0.0046553714
71.4,0.12873472,0.0046697804
71.5,0.12957108,0.004682674
71.6,0.1304188,0.0046888464
71.7,0.1312795,0.004692538
71.8,0.1321498,0.0046888213
71.9,0.13303247,0.00469008
72.0,0.13392696,0.0046941508
72.1,0.13483262,0.0046940716
72.2,0.13574915,0.0046979315
72.3,0.13667728,0.0047085467
72.4,0.13762267,0.0047108005
72.5,0.13858417,0.004710157
72.6,0.1395585,0.0047118883
72.7,0.14054352,0.004711738
72.8,0.1415377,0.0047139795
72.9,0.14254098,0.0047168112
73.0,0.14355363,0.0047174543
73.1,0.144577,0.004723496
73.2,0.14561825,0.0047364323
73.3,0.1466733,0.004748836
73.4,0.14774507,0.0047670803
73.5,0.14882937,0.004791001
73.6,0.1499262,0.0048115803
73.7,0.15104008,0.0048388597
73.8,0.15217294,0.004872752
73.9,0.15332144,0.004903887
74.0,0.15448329,0.0049426053
74.1,0.15566985,0.0049858107
74.2,0.15687983,0.00502432
74.3,0.15811336,0.005065964
74.4,0.15936261,0.0051243533
74.5,0.16062601,0.0051789097
74.6,0.16189627,0.005223658
74.7,0.16317432,0.0052633523
74.8,0.16446488,0.005289336
74.9,0.16576983,0.005326271
75.0,0.16708907,0.00537418
75.1,0.16842598,0.005419015
75.2,0.16977605,0.00546387
75.3,0.17114244,0.005519819
75.4,0.17253095,0.0055755894
75.5,0.17393292,0.0056291968
75.6,0.1753514,0.0056814295
75.7,0.17679855,0.005724736
75.8,0.17825782,0.0057647685
75.9,0.17973574,0.005815071
76.0,0.18123631,0.0058708685
76.1,0.18275481,0.0059114527
76.2,0.18428986,0.005949222
76.3,0.18584216,0.0059931967
76.4,0.1874207,0.006030444
76.5,0.18901543,0.0060720565
76.6,0.19063313,0.0061195763
76.7,0.19228645,0.006155142
76.8,0.19395417,0.0061839824
76.9,0.19563946,0.0062238886
77.0,0.19735684,0.0062625655
77.1,0.19909689,0.0062965075
77.2,0.2008599,0.0063196216
77.3,0.20265135,0.00634342
77.4,0.20444918,0.0063296543
77.5,0.20609865,0.006216221
77.6,0.20759413,0.0060234456
77.7,0.20900948,0.0057702777
77.8,0.21040481,0.005518506
77.9,0.2118456,0.005325201
78.0,0.21331869,0.005207199
78.1,0.21471918,0.0050650644
78.2,0.21566936,0.0049207974
78.3,0.21644554,0.004837367
78.4,nan,nan
78.5,nan,nan
78.6,nan,nan
78.7,nan,nan
78.8,nan,nan
78.9,nan,nan
79.0,nan,nan
79.1,nan,nan
79.2,nan,nan
79.3,nan,nan
79.4,nan,nan
79.5,nan,nan
79.6,nan,nan
79.7,nan,nan
79.8,nan,nan
79.9,nan,nan
80.0,nan,nan
80.1,nan,nan
80.2,nan,nan
80.3,nan,nan
80.4,nan,nan
80.5,nan,nan
80.6,nan,nan
80.7,nan,nan
80.8,nan,nan
80.9,nan,nan
81.0,nan,nan
81.1,nan,nan
81.2,nan,nan
81.3,nan,nan
81.4,nan,nan
81.5,nan,nan
81.6,nan,nan
81.7,nan,nan
81.8,nan,nan
81.9,nan,nan
82.0,nan,nan
82.1,nan,nan
82.2,nan,nan
82.3,nan,nan
82.4,nan,nan
82.5,nan,nan
82.6,nan,nan
82.7,nan,nan
82.8,nan,nan
82.9,nan,nan
83.0,nan,nan
83.1,nan,nan
83.2,nan,nan
83.3,nan,nan
83.4,nan,nan
83.5,nan,nan
83.6,nan,nan
83.7,nan,nan
83.8,nan,nan
83.9,nan,nan
84.0,nan,nan
84.1,nan,nan
84.2,nan,nan
84.3,nan,nan
84.4,nan,nan
84.5,nan,nan
84.6,nan,nan
84.7,nan,nan
84.8,nan,nan
84.9,nan,nan
85.0,nan,nan
85.1,nan,nan
85.2,nan,nan
85.3,nan,nan
85.4,nan,nan
85.5,nan,nan
85.6,nan,nan
85.7,nan,nan
85.8,nan,nan
85.9,nan,nan
86.0,nan,nan
86.1,nan,nan
86.2,nan,nan
86.3,nan,nan
86.4,nan,nan
86.5,nan,nan
86.6,nan,nan
86.7,nan,nan
86.8,nan,nan
86.9,nan,nan
87.0,nan,nan
87.1,nan,nan
87.2,nan,nan
87.3,nan,nan
87.4,nan,nan
87.5,nan,nan
87.6,nan,nan
87.7,nan,nan
87.8,nan,nan
87.9,nan,nan
88.0,nan,nan
88.1,nan,nan
88.2,nan,nan
88.3,nan,nan
88.4,nan,nan
88.5,nan,nan
88.6,nan,nan
88.7,nan,nan
88.8,nan,nan
88.9,nan,nan
89.0,nan,nan
89.1,nan,nan
89.2,nan,nan
89.3,nan,nan
89.4,nan,nan
89.5,nan,nan
89.6,nan,nan
89.7,nan,nan
89.8,nan,nan
89.9,nan,nan
90.0,nan,nan
