PC_Latitude,I/F,Error
-90.0,nan,nan
-89.9,nan,nan
-89.8,nan,nan
-89.7,nan,nan
-89.6,nan,nan
-89.5,nan,nan
-89.4,nan,nan
-89.3,nan,nan
-89.2,nan,nan
-89.1,nan,nan
-89.0,nan,nan
-88.9,nan,nan
-88.8,nan,nan
-88.7,nan,nan
-88.6,nan,nan
-88.5,nan,nan
-88.4,nan,nan
-88.3,nan,nan
-88.2,nan,nan
-88.1,nan,nan
-88.0,nan,nan
-87.9,nan,nan
-87.8,nan,nan
-87.7,nan,nan
-87.6,nan,nan
-87.5,nan,nan
-87.4,nan,nan
-87.3,nan,nan
-87.2,nan,nan
-87.1,nan,nan
-87.0,nan,nan
-86.9,nan,nan
-86.8,nan,nan
-86.7,nan,nan
-86.6,nan,nan
-86.5,nan,nan
-86.4,nan,nan
-86.3,nan,nan
-86.2,nan,nan
-86.1,nan,nan
-86.0,nan,nan
-85.9,nan,nan
-85.8,nan,nan
-85.7,nan,nan
-85.6,nan,nan
-85.5,nan,nan
-85.4,nan,nan
-85.3,nan,nan
-85.2,nan,nan
-85.1,nan,nan
-85.0,nan,nan
-84.9,nan,nan
-84.8,nan,nan
-84.7,nan,nan
-84.6,nan,nan
-84.5,nan,nan
-84.4,nan,nan
-84.3,nan,nan
-84.2,nan,nan
-84.1,nan,nan
-84.0,nan,nan
-83.9,nan,nan
-83.8,nan,nan
-83.7,nan,nan
-83.6,nan,nan
-83.5,nan,nan
-83.4,nan,nan
-83.3,nan,nan
-83.2,nan,nan
-83.1,nan,nan
-83.0,nan,nan
-82.9,nan,nan
-82.8,nan,nan
-82.7,nan,nan
-82.6,nan,nan
-82.5,nan,nan
-82.4,nan,nan
-82.3,nan,nan
-82.2,nan,nan
-82.1,nan,nan
-82.0,nan,nan
-81.9,nan,nan
-81.8,nan,nan
-81.7,nan,nan
-81.6,nan,nan
-81.5,nan,nan
-81.4,nan,nan
-81.3,nan,nan
-81.2,nan,nan
-81.1,nan,nan
-81.0,nan,nan
-80.9,nan,nan
-80.8,nan,nan
-80.7,nan,nan
-80.6,nan,nan
-80.5,nan,nan
-80.4,nan,nan
-80.3,nan,nan
-80.2,nan,nan
-80.1,nan,nan
-80.0,0.3302241,0.0064199464
-79.9,0.32925487,0.0066323406
-79.8,0.32842186,0.00679692
-79.7,0.32695436,0.0069854814
-79.6,0.3253157,0.0071239374
-79.5,0.323484,0.0071951696
-79.4,0.32163695,0.0072504138
-79.3,0.31982514,0.0074373954
-79.2,0.31802395,0.0076984363
-79.1,0.3162682,0.007964671
-79.0,0.3145377,0.00828234
-78.9,0.31269464,0.008527183
-78.8,0.3106886,0.0086543625
-78.7,0.30854663,0.008602324
-78.6,0.30640852,0.00855829
-78.5,0.3042891,0.008521191
-78.4,0.3022218,0.008472741
-78.3,0.30016503,0.008459654
-78.2,0.29810175,0.008461947
-78.1,0.29604587,0.008442084
-78.0,0.29400733,0.008435742
-77.9,0.29199648,0.008439305
-77.8,0.2899984,0.008449698
-77.7,0.2880278,0.008455575
-77.6,0.2860571,0.008471103
-77.5,0.28408325,0.008475461
-77.4,0.28215167,0.008474744
-77.3,0.28024817,0.008502748
-77.2,0.27835616,0.008555566
-77.1,0.27648148,0.008611115
-77.0,0.27461463,0.008681376
-76.9,0.27276307,0.008765942
-76.8,0.27093512,0.008856828
-76.7,0.2691132,0.0089798635
-76.6,0.26729533,0.009128756
-76.5,0.2654837,0.00927842
-76.4,0.2636996,0.009445496
-76.3,0.2619212,0.009631203
-76.2,0.26012775,0.009818684
-76.1,0.2583448,0.010004659
-76.0,0.25657415,0.01019895
-75.9,0.25481713,0.010400053
-75.8,0.25306937,0.010605195
-75.7,0.25132227,0.010821568
-75.6,0.24957614,0.011039463
-75.5,0.247852,0.011257306
-75.4,0.24613854,0.011474824
-75.3,0.24443106,0.011685415
-75.2,0.2427301,0.0118764145
-75.1,0.24104309,0.01207165
-75.0,0.23936601,0.012252133
-74.9,0.2376972,0.012401176
-74.8,0.23603353,0.012526471
-74.7,0.23438191,0.012642226
-74.6,0.23274215,0.012744196
-74.5,0.23111126,0.012824033
-74.4,0.22948568,0.012874879
-74.3,0.22786914,0.012904893
-74.2,0.22626738,0.012937977
-74.1,0.22467051,0.012958318
-74.0,0.22307116,0.012954438
-73.9,0.22147363,0.012937483
-73.8,0.21988472,0.012919524
-73.7,0.21830565,0.012876783
-73.6,0.21673225,0.012808989
-73.5,0.21516785,0.012715925
-73.4,0.21361166,0.012615499
-73.3,0.21206872,0.012498587
-73.2,0.21053703,0.012356042
-73.1,0.20901524,0.012185872
-73.0,0.20750378,0.012014329
-72.9,0.20600927,0.011829439
-72.8,0.20452566,0.011626484
-72.7,0.2030592,0.01141592
-72.6,0.20160551,0.011205765
-72.5,0.20016217,0.011005037
-72.4,0.19873628,0.010814007
-72.3,0.19733064,0.0106318435
-72.2,0.1959337,0.010458933
-72.1,0.1945492,0.01029361
-72.0,0.1931836,0.010128374
-71.9,0.19182833,0.009975807
-71.8,0.19048992,0.009824245
-71.7,0.18916517,0.009665007
-71.6,0.1878589,0.00950281
-71.5,0.1865721,0.009344606
-71.4,0.18530135,0.009182109
-71.3,0.18405122,0.00901706
-71.2,0.18282172,0.008846483
-71.1,0.18160489,0.008683781
-71.0,0.18040907,0.008534758
-70.9,0.17924076,0.008394584
-70.8,0.1780793,0.008264483
-70.7,0.1769367,0.008142825
-70.6,0.17580841,0.008025173
-70.5,0.17469612,0.007917656
-70.4,0.17359778,0.007811137
-70.3,0.17250717,0.0077027553
-70.2,0.17142898,0.007596231
-70.1,0.17036776,0.0074899364
-70.0,0.16930658,0.0073906397
-69.9,0.16825798,0.0072963983
-69.8,0.16721974,0.007204846
-69.7,0.16619049,0.0071245083
-69.6,0.16517338,0.007050227
-69.5,0.1641584,0.006979824
-69.4,0.1631505,0.0069156885
-69.3,0.16215667,0.006853114
-69.2,0.16116145,0.0068006874
-69.1,0.16018078,0.006758091
-69.0,0.15920861,0.0067212656
-68.9,0.15825246,0.006694324
-68.8,0.15731354,0.006671409
-68.7,0.1563793,0.0066502406
-68.6,0.15545827,0.006627666
-68.5,0.15454848,0.006602652
-68.4,0.15364386,0.006579928
-68.3,0.15274991,0.0065548457
-68.2,0.15185562,0.0065290537
-68.1,0.15096778,0.006504417
-68.0,0.15008569,0.0064785304
-67.9,0.14920212,0.0064548394
-67.8,0.1483269,0.0064295493
-67.7,0.14745149,0.0064109038
-67.6,0.14658618,0.006400771
-67.5,0.14572273,0.006393696
-67.4,0.14485225,0.0063894335
-67.3,0.14398333,0.0063831266
-67.2,0.14309978,0.006391355
-67.1,0.14220688,0.006409273
-67.0,0.14130011,0.0064348932
-66.9,0.14037988,0.00648192
-66.8,0.13945341,0.006542676
-66.7,0.13850537,0.0066244304
-66.6,0.13754624,0.006731775
-66.5,0.13656603,0.0068676868
-66.4,0.13557032,0.0070309876
-66.3,0.13455051,0.0072208783
-66.2,0.13349392,0.0074433023
-66.1,0.13241075,0.007689018
-66.0,0.13127728,0.0079562105
-65.9,0.13010687,0.008239712
-65.8,0.12888998,0.008533217
-65.7,0.12762229,0.008835168
-65.6,0.1263078,0.009136204
-65.5,0.12493023,0.0094294995
-65.4,0.123496145,0.009709577
-65.3,0.12199345,0.009970609
-65.2,0.1204208,0.010196339
-65.1,0.1187731,0.010384084
-65.0,0.117058665,0.010530164
-64.9,0.115265034,0.01062443
-64.8,0.11340683,0.01068977
-64.7,0.11148681,0.01070922
-64.6,0.10949758,0.010697532
-64.5,0.10746692,0.010659072
-64.4,0.10537446,0.010582704
-64.3,0.10325427,0.010484617
-64.2,0.10110746,0.010361535
-64.1,0.098947845,0.010225641
-64.0,0.09680051,0.010085413
-63.9,0.09466028,0.009936861
-63.8,0.09255848,0.009781554
-63.7,0.09048283,0.009620053
-63.6,0.08846028,0.009445224
-63.5,0.0864874,0.009262076
-63.4,0.08457301,0.009074273
-63.3,0.08272249,0.008875356
-63.2,0.08092585,0.008675406
-63.1,0.07919271,0.008469357
-63.0,0.07752014,0.008257806
-62.9,0.075909324,0.008050926
-62.8,0.074371524,0.007837181
-62.7,0.07290262,0.0076264758
-62.6,0.07150708,0.0074207215
-62.5,0.07018496,0.0072132815
-62.4,0.06891927,0.007009791
-62.3,0.06773588,0.006796229
-62.2,0.06661185,0.0065819323
-62.1,0.065563075,0.0063607767
-62.0,0.06457252,0.0061316187
-61.9,0.063638985,0.005904524
-61.8,0.06276157,0.0056790495
-61.7,0.061930273,0.00546537
-61.6,0.061148927,0.0052696634
-61.5,0.060418293,0.005089247
-61.4,0.059728406,0.0049300445
-61.3,0.05909026,0.004776382
-61.2,0.058481272,0.004631407
-61.1,0.057911552,0.0044880714
-61.0,0.05735989,0.004355302
-60.9,0.056830525,0.0042369496
-60.8,0.056312893,0.004139561
-60.7,0.055804864,0.004065482
-60.6,0.05530222,0.0040152627
-60.5,0.054804344,0.003988724
-60.4,0.054308064,0.003977749
-60.3,0.053815972,0.003981317
-60.2,0.05332538,0.0039952532
-60.1,0.052845683,0.004009104
-60.0,0.052375272,0.004026961
-59.9,0.051920786,0.0040396387
-59.8,0.051473673,0.004058281
-59.7,0.051036544,0.004075477
-59.6,0.050603952,0.0040983525
-59.5,0.050183564,0.004120557
-59.4,0.04977482,0.004137242
-59.3,0.049384706,0.004148388
-59.2,0.049012125,0.004142784
-59.1,0.04866037,0.004129013
-59.0,0.048335116,0.004096775
-58.9,0.04803437,0.004054084
-58.8,0.047766633,0.003992695
-58.7,0.047527514,0.0039153835
-58.6,0.04732564,0.0038254787
-58.5,0.047159772,0.00373377
-58.4,0.047033347,0.0036509826
-58.3,0.046951864,0.0035879475
-58.2,0.04691327,0.0035493304
-58.1,0.04691957,0.0035325377
-58.0,0.04695789,0.0035347878
-57.9,0.047025014,0.0035414977
-57.8,0.047113743,0.0035539512
-57.7,0.04721984,0.003560084
-57.6,0.047341734,0.0035647817
-57.5,0.047470663,0.0035588723
-57.4,0.047604114,0.0035439327
-57.3,0.047731936,0.0035159306
-57.2,0.04784779,0.0034764896
-57.1,0.047945436,0.0034265402
-57.0,0.04801592,0.0033671411
-56.9,0.048062302,0.003301194
-56.8,0.04807839,0.0032331203
-56.7,0.048071917,0.0031676586
-56.6,0.04803892,0.0031070446
-56.5,0.047987882,0.00305604
-56.4,0.04792093,0.0030131903
-56.3,0.04784319,0.0029839033
-56.2,0.04775952,0.0029628375
-56.1,0.047669,0.0029560241
-56.0,0.047575057,0.0029538637
-55.9,0.047477484,0.0029591066
-55.8,0.04737822,0.0029586027
-55.7,0.047282342,0.002954924
-55.6,0.04719218,0.0029396403
-55.5,0.047114335,0.0029197633
-55.4,0.047046285,0.0028952174
-55.3,0.046986196,0.0028728035
-55.2,0.04693135,0.0028522853
-55.1,0.046876967,0.002832204
-55.0,0.046827257,0.0028084542
-54.9,0.046781454,0.0027800936
-54.8,0.04674616,0.0027485369
-54.7,0.04671972,0.0027180216
-54.6,0.04669665,0.002690216
-54.5,0.04667303,0.002669956
-54.4,0.046642426,0.002653605
-54.3,0.046608984,0.0026455016
-54.2,0.04657457,0.0026414662
-54.1,0.046544246,0.0026484262
-54.0,0.04651984,0.002664635
-53.9,0.04650046,0.0026916724
-53.8,0.046483897,0.0027244184
-53.7,0.046469748,0.0027595002
-53.6,0.046456717,0.0027906804
-53.5,0.046448298,0.0028153341
-53.4,0.04644624,0.0028280008
-53.3,0.046453398,0.0028288793
-53.2,0.046471823,0.0028148792
-53.1,0.046503656,0.0027875174
-53.0,0.04654677,0.0027478344
-52.9,0.046599742,0.002701213
-52.8,0.046657566,0.0026551096
-52.7,0.046720535,0.0026171715
-52.6,0.046790194,0.0025933161
-52.5,0.046867207,0.0025875503
-52.4,0.046952903,0.0025978053
-52.3,0.04704076,0.0026164118
-52.2,0.04712483,0.0026320457
-52.1,0.047194127,0.002632154
-52.0,0.047241308,0.0026123829
-51.9,0.04725636,0.0025719802
-51.8,0.047241498,0.002519471
-51.7,0.047198128,0.0024684216
-51.6,0.04713571,0.0024301186
-51.5,0.047060747,0.0024137276
-51.4,0.046984363,0.0024179951
-51.3,0.04691326,0.0024379448
-51.2,0.04685647,0.002464956
-51.1,0.046818383,0.0024946039
-51.0,0.04680181,0.002524872
-50.9,0.04680474,0.0025573897
-50.8,0.046820786,0.0025834753
-50.7,0.046847146,0.0026021411
-50.6,0.046876274,0.0026056434
-50.5,0.04690579,0.002597366
-50.4,0.046932217,0.0025803305
-50.3,0.04695603,0.0025646393
-50.2,0.046979547,0.0025648375
-50.1,0.04700647,0.0025839
-50.0,0.047040306,0.0026240924
-49.9,0.047085337,0.0026779159
-49.8,0.047141258,0.0027406334
-49.7,0.047205243,0.0028042363
-49.6,0.047268614,0.0028578837
-49.5,0.04733002,0.0028983916
-49.4,0.04739171,0.002925243
-49.3,0.047461264,0.0029470138
-49.2,0.047549326,0.0029705942
-49.1,0.047664534,0.0030017847
-49.0,0.047815647,0.0030416753
-48.9,0.048011824,0.0030900005
-48.8,0.048255287,0.00314111
-48.7,0.04854665,0.003190198
-48.6,0.048874132,0.0032294726
-48.5,0.04922549,0.0032507915
-48.4,0.049578574,0.0032391583
-48.3,0.049918577,0.0031924597
-48.2,0.050232537,0.0031067675
-48.1,0.05051944,0.0029952922
-48.0,0.05077559,0.0028624162
-47.9,0.051001217,0.0027263789
-47.8,0.051196314,0.0025970535
-47.7,0.051354956,0.0024878199
-47.6,0.05147679,0.00240089
-47.5,0.05156074,0.0023425105
-47.4,0.05161778,0.0023086078
-47.3,0.051652003,0.0023003183
-47.2,0.05166602,0.0023051968
-47.1,0.051660042,0.0023205392
-47.0,0.051640395,0.0023374243
-46.9,0.051611528,0.0023535
-46.8,0.051577866,0.0023610296
-46.7,0.051540535,0.0023615216
-46.6,0.051502567,0.0023611756
-46.5,0.051463563,0.0023678232
-46.4,0.051419936,0.0023812586
-46.3,0.051370904,0.0023986201
-46.2,0.051315084,0.0024190792
-46.1,0.05125268,0.0024446552
-46.0,0.051182073,0.002475456
-45.9,0.051104587,0.00251026
-45.8,0.05102573,0.0025475575
-45.7,0.050946448,0.0025838965
-45.6,0.050868332,0.0026197578
-45.5,0.050791156,0.0026546293
-45.4,0.050722413,0.0026877993
-45.3,0.05066626,0.0027178575
-45.2,0.050622556,0.0027476782
-45.1,0.050581496,0.0027782388
-45.0,0.050530795,0.0028087008
-44.9,0.05046267,0.0028310434
-44.8,0.05037591,0.0028417583
-44.7,0.050279066,0.0028404023
-44.6,0.05017486,0.0028309296
-44.5,0.050066713,0.0028248972
-44.4,0.0499482,0.002830459
-44.3,0.049818512,0.0028526166
-44.2,0.04967657,0.0028900753
-44.1,0.049524974,0.002936644
-44.0,0.049369775,0.0029820986
-43.9,0.049209878,0.0030118865
-43.8,0.049047302,0.0030194137
-43.7,0.048877347,0.0030117827
-43.6,0.04870159,0.0030038678
-43.5,0.048516087,0.0030017798
-43.4,0.048323542,0.0030040245
-43.3,0.048120447,0.00300531
-43.2,0.04791123,0.0030097908
-43.1,0.047694888,0.003017258
-43.0,0.047478814,0.003029781
-42.9,0.04726883,0.0030424246
-42.8,0.04706946,0.0030533685
-42.7,0.04688072,0.0030551294
-42.6,0.04670312,0.0030365281
-42.5,0.04654032,0.002985656
-42.4,0.046396453,0.0029026507
-42.3,0.046277225,0.0027980907
-42.2,0.046185557,0.0026918976
-42.1,0.046128124,0.0025939175
-42.0,0.04610377,0.0025065881
-41.9,0.046108585,0.0024281596
-41.8,0.046138126,0.002368168
-41.7,0.046181086,0.0023310261
-41.6,0.046232913,0.002323241
-41.5,0.046280023,0.0023345568
-41.4,0.046319194,0.0023585835
-41.3,0.04634876,0.0023807643
-41.2,0.046373006,0.0023902867
-41.1,0.046394657,0.0023781252
-41.0,0.046415146,0.002343316
-40.9,0.046430662,0.0022936051
-40.8,0.04643778,0.0022396953
-40.7,0.046431266,0.002190631
-40.6,0.04641362,0.0021507638
-40.5,0.04639217,0.002125983
-40.4,0.046374094,0.0021148615
-40.3,0.046368998,0.0021149637
-40.2,0.046379462,0.0021214017
-40.1,0.046407945,0.0021263056
-40.0,0.046453636,0.0021271217
-39.9,0.046519168,0.0021220178
-39.8,0.04660652,0.0021152417
-39.7,0.04671718,0.0021094459
-39.6,0.04684923,0.0021110016
-39.5,0.046998028,0.0021267496
-39.4,0.0471592,0.0021592162
-39.3,0.04732835,0.002208322
-39.2,0.047504626,0.0022673241
-39.1,0.047683585,0.002326964
-39.0,0.04786129,0.0023749063
-38.9,0.048034754,0.0024030968
-38.8,0.048208024,0.0024158543
-38.7,0.04838966,0.0024286432
-38.6,0.04858644,0.0024585712
-38.5,0.048804715,0.0025158664
-38.4,0.04904659,0.0025998007
-38.3,0.049310666,0.0027164058
-38.2,0.049591944,0.002878582
-38.1,0.049882952,0.003099475
-38.0,0.050181895,0.003374016
-37.9,0.050484095,0.003684794
-37.8,0.050786816,0.0040079756
-37.7,0.051083982,0.0043201954
-37.6,0.051370334,0.00460903
-37.5,0.051640492,0.004870037
-37.4,0.05189127,0.0051039276
-37.3,0.05212002,0.0053078397
-37.2,0.05232974,0.0054780194
-37.1,0.052520595,0.005613677
-37.0,0.052690994,0.00571188
-36.9,0.05283021,0.0057713063
-36.8,0.05293098,0.0057902215
-36.7,0.052988272,0.0057699885
-36.6,0.05300329,0.005703382
-36.5,0.052978896,0.0055901962
-36.4,0.052915264,0.0054353178
-36.3,0.052811563,0.005249916
-36.2,0.05266648,0.0050434377
-36.1,0.052488953,0.004818799
-36.0,0.052291982,0.004578303
-35.9,0.05208906,0.0043232087
-35.8,0.05188636,0.0040633553
-35.7,0.051688053,0.0038181571
-35.6,0.05149474,0.0036077097
-35.5,0.0513079,0.0034476856
-35.4,0.05113222,0.0033394683
-35.3,0.05097831,0.003281994
-35.2,0.050862283,0.0032737285
-35.1,0.050793868,0.003318868
-35.0,0.050772995,0.003415573
-34.9,0.05079122,0.003552862
-34.8,0.05083486,0.0037151992
-34.7,0.05093122,0.003890583
-34.6,0.05103613,0.004061985
-34.5,0.051149014,0.0042126533
-34.4,0.051218983,0.0043169092
-34.3,0.05128311,0.004362644
-34.2,0.051341914,0.0043432033
-34.1,0.051406734,0.0042571966
-34.0,0.051486667,0.004122872
-33.9,0.051587295,0.003966086
-33.8,0.051712636,0.0038324075
-33.7,0.05186224,0.003745404
-33.6,0.05203278,0.0037123754
-33.5,0.052219886,0.0037200246
-33.4,0.052415513,0.0037532568
-33.3,0.052605458,0.0037949907
-33.2,0.052774254,0.0038218822
-33.1,0.052917045,0.0038153906
-33.0,0.053047705,0.0037724772
-32.9,0.053186364,0.0037134015
-32.8,0.053347927,0.003661053
-32.7,0.05353454,0.0036290083
-32.6,0.05374164,0.003614702
-32.5,0.053968478,0.0036119486
-32.4,0.054214258,0.0036122985
-32.3,0.05447382,0.0036148648
-32.2,0.05473397,0.00362275
-32.1,0.05497876,0.0036493156
-32.0,0.0552029,0.0037032228
-31.9,0.055413697,0.0037830924
-31.8,0.05563381,0.0038754703
-31.7,0.055893283,0.003968225
-31.6,0.056213293,0.0040538404
-31.5,0.05660398,0.004129116
-31.4,0.057059985,0.0041876123
-31.3,0.057577975,0.004226363
-31.2,0.058157828,0.0042478945
-31.1,0.058794864,0.004261569
-31.0,0.05947286,0.004271094
-30.9,0.060164735,0.004283374
-30.8,0.060840458,0.004298882
-30.7,0.06147291,0.004323459
-30.6,0.062039994,0.0043589007
-30.5,0.06253342,0.004401203
-30.4,0.06295228,0.00443722
-30.3,0.06327185,0.004457751
-30.2,0.0635315,0.004473988
-30.1,0.063725546,0.0044979923
-30.0,0.06385844,0.0045371084
-29.9,0.063910246,0.0045937337
-29.8,0.063890174,0.004664442
-29.7,0.06382188,0.004744636
-29.6,0.06372035,0.0048290347
-29.5,0.063595794,0.0049070516
-29.4,0.06344599,0.0049626343
-29.3,0.06327136,0.0049866796
-29.2,0.06307308,0.004977824
-29.1,0.06285141,0.0049466253
-29.0,0.06261329,0.0049008713
-28.9,0.062370192,0.004846785
-28.8,0.062141154,0.004778542
-28.7,0.061931934,0.0046893093
-28.6,0.06174928,0.0045776446
-28.5,0.061592806,0.0044491505
-28.4,0.06146743,0.0043142443
-28.3,0.061377812,0.00418681
-28.2,0.061329268,0.0040782653
-28.1,0.06132327,0.0039955974
-28.0,0.061353426,0.003933212
-27.9,0.061412066,0.0038842522
-27.8,0.061489973,0.0038409454
-27.7,0.061573472,0.0038029782
-27.6,0.06164604,0.0037671474
-27.5,0.061700292,0.0037256812
-27.4,0.061739486,0.0036767742
-27.3,0.06177471,0.0036304805
-27.2,0.061819747,0.0035972006
-27.1,0.061883908,0.003572097
-27.0,0.06196627,0.0035405715
-26.9,0.06206016,0.0034922867
-26.8,0.06216098,0.0034240298
-26.7,0.062277503,0.0033416715
-26.6,0.062429506,0.003257342
-26.5,0.06263357,0.003187495
-26.4,0.06289608,0.0031395701
-26.3,0.06320252,0.0031198943
-26.2,0.0635335,0.0031319233
-26.1,0.0638737,0.0031808538
-26.0,0.064221725,0.0032598036
-25.9,0.064583845,0.0033477468
-25.8,0.06496147,0.0034200524
-25.7,0.065345205,0.0034635891
-25.6,0.06571492,0.0034851406
-25.5,0.06605503,0.0035122242
-25.4,0.06635051,0.003549925
-25.3,0.06659244,0.003579967
-25.2,0.06679,0.003604727
-25.1,0.06695516,0.0036195994
-25.0,0.06710782,0.0036377036
-24.9,0.06724959,0.0036446482
-24.8,0.06738667,0.0036433584
-24.7,0.06750092,0.0036321855
-24.6,0.06764206,0.0036079385
-24.5,0.06781748,0.0035852853
-24.4,0.06805939,0.0035713455
-24.3,0.06832956,0.0035771087
-24.2,0.06863534,0.0035936935
-24.1,0.06898315,0.0036175102
-24.0,0.0693696,0.0036501249
-23.9,0.06978327,0.0036850949
-23.8,0.07020382,0.0037096047
-23.7,0.07060852,0.0037199329
-23.6,0.070970625,0.0037183848
-23.5,0.0712704,0.0037083996
-23.4,0.07149899,0.0036911308
-23.3,0.07166199,0.0036724876
-23.2,0.071782745,0.0036691613
-23.1,0.07189409,0.0036899657
-23.0,0.0720359,0.0037335407
-22.9,0.072234385,0.003785807
-22.8,0.07249946,0.003835476
-22.7,0.0728275,0.003870612
-22.6,0.07320992,0.0038813003
-22.5,0.07362336,0.0038620802
-22.4,0.074035525,0.0038190777
-22.3,0.07441717,0.0037720408
-22.2,0.07475793,0.003742141
-22.1,0.075061396,0.0037366974
-22.0,0.07533636,0.003744405
-21.9,0.07558721,0.003742975
-21.8,0.07581638,0.0037282284
-21.7,0.07602052,0.003717231
-21.6,0.076199,0.0037391908
-21.5,0.07635652,0.0038148616
-21.4,0.07649812,0.0039324905
-21.3,0.0766352,0.0040600863
-21.2,0.076775596,0.0041722264
-21.1,0.07692731,0.00427054
-21.0,0.07709394,0.0043638744
-20.9,0.0772688,0.004454484
-20.8,0.07744522,0.004537434
-20.7,0.0776077,0.00461086
-20.6,0.077752925,0.0046756146
-20.5,0.0778794,0.004734675
-20.4,0.077990554,0.004786618
-20.3,0.07807937,0.004827971
-20.2,0.078135796,0.0048661437
-20.1,0.07814545,0.004919868
-20.0,0.07809933,0.0049972786
-19.9,0.077997304,0.005077717
-19.8,0.07784407,0.005124378
-19.7,0.07764669,0.005115008
-19.6,0.07739915,0.005042697
-19.5,0.077105045,0.004917171
-19.4,0.07677342,0.0047538457
-19.3,0.07642178,0.004582293
-19.2,0.07606924,0.0044372818
-19.1,0.07572683,0.0043462
-19.0,0.075404964,0.004322392
-18.9,0.07509395,0.004361162
-18.8,0.0747742,0.004437944
-18.7,0.074422985,0.004521325
-18.6,0.07403148,0.0045854584
-18.5,0.07359875,0.0046190484
-18.4,0.07313213,0.0046172845
-18.3,0.072637334,0.0045791334
-18.2,0.07212476,0.0045124493
-18.1,0.07160026,0.004427928
-18.0,0.071068324,0.004335597
-17.9,0.07053112,0.004248512
-17.8,0.069991715,0.0041723847
-17.7,0.0694523,0.004097964
-17.6,0.0689191,0.004012639
-17.5,0.068393275,0.003919249
-17.4,0.06787263,0.0038363603
-17.3,0.067348965,0.0037707803
-17.2,0.06681716,0.0037075658
-17.1,0.06627355,0.0036289326
-17.0,0.06572134,0.003530372
-16.9,0.06516548,0.0034211862
-16.8,0.06461511,0.0033181512
-16.7,0.06407433,0.0032405942
-16.6,0.06354695,0.0031959116
-16.5,0.06304045,0.0031847744
-16.4,0.06255742,0.00320077
-16.3,0.062099487,0.0032477712
-16.2,0.06166006,0.0033280293
-16.1,0.061239794,0.0034418781
-16.0,0.060839217,0.0035740517
-15.9,0.060464807,0.0036996738
-15.8,0.060121104,0.0038004236
-15.7,0.059804134,0.003864711
-15.6,0.059507377,0.0038941451
-15.5,0.05922113,0.0038962015
-15.4,0.058947917,0.0038848282
-15.3,0.05869676,0.0038698765
-15.2,0.058485083,0.0038543986
-15.1,0.05832297,0.0038260145
-15.0,0.058215838,0.003767634
-14.9,0.05816936,0.0036695388
-14.8,0.058185585,0.0035346935
-14.7,0.058257483,0.0033711595
-14.6,0.058371834,0.0031938863
-14.5,0.05851879,0.0030373791
-14.4,0.05869533,0.0029317976
-14.3,0.05889286,0.002873368
-14.2,0.059099752,0.0028295736
-14.1,0.059300672,0.0027774656
-14.0,0.059480302,0.0027201858
-13.9,0.059623364,0.0026732713
-13.8,0.059714958,0.0026490104
-13.7,0.059748586,0.002655432
-13.6,0.059738427,0.0026877967
-13.5,0.059715915,0.0027326178
-13.4,0.059723113,0.0027627447
-13.3,0.05979283,0.0027626674
-13.2,0.05994119,0.0027344022
-13.1,0.06016528,0.002697517
-13.0,0.060455244,0.0026797117
-12.9,0.0607936,0.0026938447
-12.8,0.06116654,0.0027274552
-12.7,0.061561022,0.0027516717
-12.6,0.06197701,0.0027634192
-12.5,0.0624187,0.0027825958
-12.4,0.062888205,0.0028272884
-12.3,0.06337938,0.0028855656
-12.2,0.06388053,0.0029354913
-12.1,0.064377524,0.0029640533
-12.0,0.06485239,0.0029802413
-11.9,0.06528809,0.0029962582
-11.8,0.065676674,0.0030165166
-11.7,0.06602527,0.0030396022
-11.6,0.066348515,0.003063922
-11.5,0.06666073,0.0030892987
-11.4,0.06696678,0.0031043908
-11.3,0.06726381,0.0031008178
-11.2,0.06754867,0.0030833653
-11.1,0.0678228,0.0030630173
-11.0,0.0680852,0.003048069
-10.9,0.06832309,0.0030397791
-10.8,0.06852093,0.003039577
-10.7,0.06867024,0.0030523662
-10.6,0.06877001,0.0030877553
-10.5,0.06882987,0.003147521
-10.4,0.06886104,0.003222956
-10.3,0.06877381,0.003347857
-10.2,0.06866872,0.0034664457
-10.1,0.06854163,0.0035883032
-10.0,0.06846909,0.003704994
-9.9,0.06835896,0.0038525015
-9.8,0.06822007,0.00402505
-9.7,0.068070434,0.0042103846
-9.6,0.06793409,0.0043928633
-9.5,0.067825116,0.004552431
-9.4,0.06775663,0.004675739
-9.3,0.06774038,0.0047603035
-9.2,0.06777814,0.0048177573
-9.1,0.06785555,0.004862027
-9.0,0.067939,0.0049037067
-8.9,0.06799741,0.004949937
-8.8,0.06801039,0.0050068065
-8.7,0.06797583,0.0050775795
-8.6,0.06790053,0.005157781
-8.5,0.067797996,0.0052328845
-8.4,0.06767919,0.005284903
-8.3,0.067555,0.005297111
-8.2,0.067436256,0.005258397
-8.1,0.06733126,0.005167189
-8.0,0.06723826,0.0050397776
-7.9,0.06714733,0.004898437
-7.8,0.06704769,0.004765441
-7.7,0.0669393,0.00465553
-7.6,0.066829845,0.0045785843
-7.5,0.06673009,0.004534889
-7.4,0.06665123,0.004514195
-7.3,0.06660868,0.0045034774
-7.2,0.06661646,0.0044938256
-7.1,0.06667219,0.004485044
-7.0,0.0667585,0.004485495
-6.9,0.06685924,0.00450725
-6.8,0.06697013,0.004552894
-6.7,0.06709298,0.0046168193
-6.6,0.067231424,0.004689034
-6.5,0.06739446,0.004763706
-6.4,0.06759379,0.004841332
-6.3,0.067835204,0.004921134
-6.2,0.06812215,0.0050010984
-6.1,0.068451576,0.0050764666
-6.0,0.068814985,0.0051470874
-5.9,0.069199465,0.0052116406
-5.8,0.06960163,0.005269707
-5.7,0.07003357,0.0053244876
-5.6,0.070512354,0.005381732
-5.5,0.071038544,0.0054418426
-5.4,0.07159774,0.0054959245
-5.3,0.072170876,0.0055323546
-5.2,0.072751366,0.005548404
-5.1,0.073342614,0.0055512683
-5.0,0.073945254,0.0055564563
-4.9,0.0745561,0.005577314
-4.8,0.07517093,0.0056294557
-4.7,0.07579435,0.005722248
-4.6,0.076439396,0.0058547263
-4.5,0.07711189,0.0060101366
-4.4,0.07780997,0.0061613447
-4.3,0.078526296,0.0062830914
-4.2,0.079262435,0.006358747
-4.1,0.08001648,0.0063810754
-4.0,0.08077271,0.0063482295
-3.9,0.08150722,0.0062643937
-3.8,0.08220245,0.0061410908
-3.7,0.0828497,0.0059907436
-3.6,0.08345152,0.0058214515
-3.5,0.08400738,0.005643434
-3.4,0.0845152,0.0054671695
-3.3,0.084958605,0.0053038374
-3.2,0.08532738,0.005155874
-3.1,0.085620545,0.005015669
-3.0,0.08584339,0.0048789596
-2.9,0.08599942,0.0047475463
-2.8,0.08609465,0.0046309084
-2.7,0.086139396,0.004537369
-2.6,0.08614469,0.0044696033
-2.5,0.08611726,0.0044259154
-2.4,0.08606599,0.004406029
-2.3,0.08600563,0.0044097793
-2.2,0.08595063,0.0044298586
-2.1,0.08590503,0.0044520367
-2.0,0.08586883,0.0044583804
-1.9,0.085845664,0.00444314
-1.8,0.08583628,0.004404539
-1.7,0.08583359,0.004345772
-1.6,0.08582777,0.0042704944
-1.5,0.08582235,0.004191939
-1.4,0.08582785,0.0041245585
-1.3,0.0858501,0.004077292
-1.2,0.08588732,0.004048308
-1.1,0.085932516,0.004034607
-1.0,0.085983336,0.0040334505
-0.9,0.0860399,0.004043042
-0.8,0.08610066,0.0040596756
-0.7,0.08616559,0.00407964
-0.6,0.08623943,0.0040997216
-0.5,0.08632805,0.004116579
-0.4,0.08642468,0.0041206577
-0.3,0.086511776,0.004102896
-0.2,0.0865766,0.0040630493
-0.1,0.086616255,0.004004408
-0.0,0.086633556,0.0039358265
0.1,0.0866306,0.0038598562
0.2,0.08661495,0.0037832675
0.3,0.08659754,0.0037082967
0.4,0.08659214,0.0036394543
0.5,0.0866053,0.0035764796
0.6,0.08664349,0.0035181735
0.7,0.08670919,0.0034620042
0.8,0.08680437,0.0034104646
0.9,0.086929284,0.003363367
1.0,0.08708399,0.0033224286
1.1,0.08726557,0.0032906288
1.2,0.08746568,0.0032692463
1.3,0.087682776,0.0032511724
1.4,0.08792482,0.0032276043
1.5,0.08819538,0.0031893111
1.6,0.08848533,0.0031364926
1.7,0.08878302,0.0030717433
1.8,0.08908239,0.0030065465
1.9,0.08938425,0.002953844
2.0,0.08968798,0.0029223822
2.1,0.089994766,0.0029112913
2.2,0.09029886,0.0029151423
2.3,0.09058663,0.0029363874
2.4,0.09085119,0.0029849578
2.5,0.09109488,0.0030741498
2.6,0.09132193,0.003214053
2.7,0.09153523,0.0034084741
2.8,0.09173284,0.003646547
2.9,0.091918096,0.0039093113
3.0,0.09209265,0.0041752467
3.1,0.09225698,0.0044336794
3.2,0.09241316,0.00467272
3.3,0.09255449,0.0048856484
3.4,0.09267596,0.0050621396
3.5,0.09277193,0.0052030957
3.6,0.0928533,0.0053162174
3.7,0.09293006,0.005416256
3.8,0.093008764,0.0055131507
3.9,0.093085766,0.0056057726
4.0,0.09316184,0.0056860363
4.1,0.093236014,0.005758537
4.2,0.09330302,0.00583755
4.3,0.09335406,0.0059323455
4.4,0.09338999,0.006036969
4.5,0.09342179,0.0061456803
4.6,0.09346126,0.006263431
4.7,0.09350601,0.006389449
4.8,0.093539365,0.006514726
4.9,0.0935481,0.0066278935
5.0,0.093523316,0.006732125
5.1,0.093457535,0.006837129
5.2,0.093348466,0.006952763
5.3,0.09320265,0.007076609
5.4,0.09303168,0.0072045834
5.5,0.09284081,0.007329657
5.6,0.09263859,0.007449669
5.7,0.09243028,0.0075596552
5.8,0.09221349,0.007661378
5.9,0.09197388,0.0077523133
6.0,0.09169696,0.007829861
6.1,0.09138246,0.007890943
6.2,0.09102901,0.007926142
6.3,0.09063506,0.007931087
6.4,0.09019208,0.007900436
6.5,0.08969798,0.007839232
6.6,0.08915166,0.0077462294
6.7,0.0885547,0.007613917
6.8,0.08790992,0.007440229
6.9,0.08722482,0.0072354716
7.0,0.08650229,0.00702062
7.1,0.08574867,0.006806092
7.2,0.084976755,0.0065904246
7.3,0.08420995,0.006368852
7.4,0.08346254,0.0061458834
7.5,0.08273785,0.0059359022
7.6,0.08202383,0.005746653
7.7,0.08131644,0.0055849776
7.8,0.08061594,0.0054548196
7.9,0.079922765,0.0053526564
8.0,0.079226054,0.0052657346
8.1,0.07851426,0.005185809
8.2,0.0777788,0.0051096245
8.3,0.077013224,0.0050389688
8.4,0.07621472,0.004977469
8.5,0.07539681,0.004952484
8.6,0.074570455,0.0049752723
8.7,0.07374419,0.004998609
8.8,0.07292672,0.0049911146
8.9,0.07214086,0.004956414
9.0,0.07140154,0.0049418244
9.1,0.0706977,0.004946916
9.2,0.07000565,0.0049630227
9.3,0.069311164,0.0049985363
9.4,0.06861809,0.0050675543
9.5,0.067941,0.005174406
9.6,0.067296684,0.0053132116
9.7,0.06669556,0.0054758745
9.8,0.06614008,0.005642839
9.9,0.06562839,0.005773293
10.0,0.06515897,0.0058281706
10.1,0.064729065,0.0057982565
10.2,0.06433039,0.0057033733
10.3,0.063951984,0.0055712094
10.4,0.063581645,0.005420368
10.5,0.0632171,0.005261349
10.6,0.062859066,0.0051030987
10.7,0.06251621,0.004958718
10.8,0.062197544,0.0048391917
10.9,0.061909508,0.004743862
11.0,0.061648022,0.0046588094
11.1,0.061395243,0.0045775026
11.2,0.06113338,0.00450211
11.3,0.060852747,0.004437821
11.4,0.060555868,0.0043783044
11.5,0.060250234,0.004311957
11.6,0.059948497,0.0042347806
11.7,0.059662677,0.0041574542
11.8,0.05940099,0.00410085
11.9,0.059164017,0.0040806937
12.0,0.058945462,0.0040943692
12.1,0.058747333,0.0041280054
12.2,0.05856848,0.004167907
12.3,0.058413252,0.004205182
12.4,0.05827877,0.004233082
12.5,0.058170468,0.0042510913
12.6,0.058091365,0.0042649605
12.7,0.058038574,0.0042829374
12.8,0.058007587,0.0043019564
12.9,0.05799706,0.004320516
13.0,0.058009584,0.0043398696
13.1,0.058046576,0.0043659345
13.2,0.058104485,0.0044053597
13.3,0.05817829,0.0044574165
13.4,0.05826146,0.004517424
13.5,0.058356788,0.004574819
13.6,0.05847004,0.0046252646
13.7,0.058614135,0.0046683913
13.8,0.058795232,0.0047085662
13.9,0.05901695,0.0047501735
14.0,0.05927607,0.004796986
14.1,0.059566114,0.00485418
14.2,0.059886053,0.004925331
14.3,0.060235124,0.005013275
14.4,0.06061747,0.005112404
14.5,0.061034273,0.0052174325
14.6,0.06149159,0.005323112
14.7,0.06199507,0.005429031
14.8,0.06254866,0.0055362997
14.9,0.06314615,0.0056469985
15.0,0.06377752,0.0057666334
15.1,0.064425714,0.0058985213
15.2,0.0650816,0.0060424698
15.3,0.06573393,0.00619099
15.4,0.0663844,0.006335257
15.5,0.067034684,0.0064714365
15.6,0.06768794,0.0065947855
15.7,0.06833364,0.006699967
15.8,0.06896169,0.006782986
15.9,0.06956944,0.0068507968
16.0,0.070167616,0.006913359
16.1,0.07076292,0.0069762995
16.2,0.07135729,0.007036527
16.3,0.07193994,0.0070929816
16.4,0.07249775,0.0071494025
16.5,0.073022254,0.0072094067
16.6,0.073509514,0.007263433
16.7,0.07396586,0.0072999033
16.8,0.07439291,0.007314399
16.9,0.07480549,0.0073126773
17.0,0.075210504,0.007300145
17.1,0.07561693,0.007279801
17.2,0.076024085,0.0072525474
17.3,0.07643749,0.0072190287
17.4,0.07686038,0.00717523
17.5,0.077291265,0.007111692
17.6,0.07772204,0.0070230057
17.7,0.07813148,0.006906478
17.8,0.07850487,0.0067641474
17.9,0.07882913,0.006602277
18.0,0.07910803,0.006423648
18.1,0.07935557,0.0062309527
18.2,0.07959766,0.006023906
18.3,0.079864234,0.005799534
18.4,0.080157384,0.005549876
18.5,0.0804544,0.005266464
18.6,0.08071606,0.0049611516
18.7,0.08090418,0.0046663983
18.8,0.08097848,0.004416803
18.9,0.08089333,0.0042377226
19.0,0.08060627,0.0041393456
19.1,0.08008578,0.0041161296
19.2,0.07931789,0.0041397624
19.3,0.07832095,0.0041698255
19.4,0.07714116,0.0041898787
19.5,0.07583777,0.0042064344
19.6,0.07446455,0.0042261095
19.7,0.07306585,0.004232271
19.8,0.071698874,0.0041934242
19.9,0.070417374,0.0040945145
20.0,0.06925667,0.0039455174
20.1,0.06822662,0.0037658396
20.2,0.06731506,0.0035797553
20.3,0.066506475,0.0034225602
20.4,0.06578196,0.0033192732
20.5,0.06512552,0.0032714088
20.6,0.0645357,0.00324539
20.7,0.06401782,0.0032141428
20.8,0.06357816,0.0031815628
20.9,0.06320135,0.0031625705
21.0,0.06284519,0.003157417
21.1,0.062452614,0.0031601181
21.2,0.061962932,0.0031773024
21.3,0.061323944,0.003222199
21.4,0.0605115,0.0032891214
21.5,0.0595462,0.0033381681
21.6,0.058511894,0.003314823
21.7,0.05753491,0.0031959498
21.8,0.05674064,0.0030244696
21.9,0.05621182,0.0028666856
22.0,0.055967584,0.0027682313
22.1,0.055974003,0.0027265484
22.2,0.056177773,0.0027208582
22.3,0.05653222,0.0027400116
22.4,0.057008006,0.0027719166
22.5,0.057579067,0.0028085285
22.6,0.058224734,0.0028498042
22.7,0.058924496,0.0028969978
22.8,0.059651528,0.002947503
22.9,0.060376696,0.0029987488
23.0,0.061081704,0.0030550286
23.1,0.061760426,0.0031215576
23.2,0.062414132,0.003209059
23.3,0.06304874,0.0033274635
23.4,0.06367176,0.0034769792
23.5,0.06428974,0.0036369637
23.6,0.064905815,0.0037854137
23.7,0.065518215,0.003904204
23.8,0.066112176,0.0039997073
23.9,0.066666126,0.004090569
24.0,0.067158565,0.004192395
24.1,0.0675829,0.004301627
24.2,0.06793882,0.0043993946
24.3,0.068232015,0.004475062
24.4,0.06846765,0.0045286077
24.5,0.06865189,0.0045709927
24.6,0.06879261,0.0046054884
24.7,0.068898834,0.0046252185
24.8,0.06898034,0.004626735
24.9,0.06904006,0.004612113
25.0,0.06907749,0.0045892866
25.1,0.06908929,0.004554635
25.2,0.06906832,0.00450124
25.3,0.0690025,0.004430334
25.4,0.06887904,0.004352905
25.5,0.0686924,0.0042804014
25.6,0.06845465,0.0042136526
25.7,0.06818722,0.0041508605
25.8,0.06792308,0.004094737
25.9,0.06768209,0.0040522544
26.0,0.067474306,0.004028109
26.1,0.0672987,0.004016289
26.2,0.06715716,0.004006569
26.3,0.067055285,0.0039846683
26.4,0.06699906,0.0039473735
26.5,0.066993795,0.0039015973
26.6,0.06704133,0.0038607465
26.7,0.06713899,0.003828137
26.8,0.06727588,0.003801836
26.9,0.06744241,0.003780193
27.0,0.06763276,0.0037725905
27.1,0.06785062,0.0037893853
27.2,0.06809952,0.0038379673
27.3,0.0683777,0.003915823
27.4,0.06867434,0.004010731
27.5,0.068976656,0.0041058846
27.6,0.069280274,0.004184432
27.7,0.06959245,0.004237518
27.8,0.069919884,0.0042613996
27.9,0.07026491,0.0042600054
28.0,0.070617795,0.004240719
28.1,0.070965186,0.004212992
28.2,0.07128833,0.0041827583
28.3,0.07156744,0.004154205
28.4,0.07178845,0.0041335747
28.5,0.071943246,0.004121294
28.6,0.072034545,0.0041095717
28.7,0.0720682,0.0040858304
28.8,0.07205498,0.004044507
28.9,0.07200751,0.0039903303
29.0,0.071933165,0.0039287186
29.1,0.07183753,0.0038652483
29.2,0.07171614,0.0038025996
29.3,0.07156556,0.0037464146
29.4,0.07138277,0.0037006934
29.5,0.07117496,0.003670253
29.6,0.07095563,0.0036538944
29.7,0.07073991,0.0036486757
29.8,0.07053412,0.0036510772
29.9,0.07034231,0.0036606006
30.0,0.07016321,0.0036838597
30.1,0.06999231,0.0037247285
30.2,0.06982132,0.0037936831
30.3,0.06963919,0.003893697
30.4,0.06944086,0.0040296977
30.5,0.069223695,0.0041934415
30.6,0.06898348,0.0043683224
30.7,0.06871814,0.004526618
30.8,0.06842461,0.00464359
30.9,0.06810409,0.00470322
31.0,0.06776084,0.0047019236
31.1,0.067398325,0.0046485686
31.2,0.067021795,0.0045600715
31.3,0.06663542,0.004449629
31.4,0.06624805,0.004326021
31.5,0.06587191,0.004197961
31.6,0.06551495,0.0040794523
31.7,0.0651732,0.003976379
31.8,0.064839676,0.0038873649
31.9,0.064510174,0.0038071105
32.0,0.06418886,0.003739051
32.1,0.06387555,0.0036841368
32.2,0.06356401,0.0036391204
32.3,0.063222654,0.003576292
32.4,0.06286149,0.0034900715
32.5,0.0624721,0.0033789985
32.6,0.06207509,0.0032830231
32.7,0.061641302,0.0032116575
32.8,0.061174124,0.0031800908
32.9,0.060682185,0.0031862564
33.0,0.060183205,0.0032168007
33.1,0.0596971,0.00325923
33.2,0.059243504,0.0033095337
33.3,0.05884297,0.0033721542
33.4,0.058504894,0.0034569546
33.5,0.058233764,0.0035712302
33.6,0.058026157,0.0037126078
33.7,0.05788247,0.0038677643
33.8,0.057797536,0.0040159132
33.9,0.057768065,0.0041470686
34.0,0.057785656,0.0042514917
34.1,0.05784493,0.004327224
34.2,0.05793701,0.004368537
34.3,0.058054812,0.0043742233
34.4,0.05819334,0.0043445905
34.5,0.058350965,0.0042822068
34.6,0.058526546,0.004195854
34.7,0.058719877,0.004097537
34.8,0.058926523,0.0039970446
34.9,0.05913968,0.0038986173
35.0,0.059348237,0.003806316
35.1,0.0595424,0.0037254584
35.2,0.05972135,0.0036610656
35.3,0.059887107,0.003609741
35.4,0.060041957,0.0035693322
35.5,0.060183268,0.0035354597
35.6,0.060302567,0.0035082207
35.7,0.060397506,0.0034883139
35.8,0.060464114,0.0034818503
35.9,0.060502075,0.0034885725
36.0,0.060512032,0.0034996385
36.1,0.060491964,0.0035011533
36.2,0.060444523,0.0034841918
36.3,0.060373876,0.0034550996
36.4,0.060290936,0.0034263278
36.5,0.06020625,0.0034080797
36.6,0.060127564,0.0034034038
36.7,0.0600569,0.0034116453
36.8,0.0599998,0.0034314047
36.9,0.059955154,0.0034610927
37.0,0.059920613,0.0034953596
37.1,0.059883133,0.0035338714
37.2,0.059831887,0.0035701648
37.3,0.059755966,0.0036041504
37.4,0.059647158,0.0036370344
37.5,0.059495658,0.0036724466
37.6,0.059296805,0.0037126145
37.7,0.059053358,0.003754156
37.8,0.05876749,0.003795198
37.9,0.05844235,0.0038378544
38.0,0.058072146,0.003884581
38.1,0.057657965,0.0039336174
38.2,0.057202827,0.0039809835
38.3,0.05672173,0.0040162974
38.4,0.05622972,0.004038395
38.5,0.0557334,0.0040497435
38.6,0.055237766,0.0040581203
38.7,0.05474124,0.00406897
38.8,0.054257385,0.004081164
38.9,0.05379299,0.0040962277
39.0,0.053356882,0.004113615
39.1,0.0529478,0.004126738
39.2,0.05256223,0.004127969
39.3,0.05219785,0.0041168104
39.4,0.051852446,0.0040971953
39.5,0.051528607,0.004080025
39.6,0.051228978,0.004069792
39.7,0.050957233,0.0040715337
39.8,0.050717015,0.004087768
39.9,0.05050616,0.0041185864
40.0,0.050320998,0.0041664294
40.1,0.05015597,0.0042224303
40.2,0.050014347,0.0042885076
40.3,0.04989583,0.0043579517
40.4,0.04980215,0.0044294926
40.5,0.049725056,0.0044889254
40.6,0.04966126,0.00452938
40.7,0.04960456,0.0045457175
40.8,0.049555816,0.00454156
40.9,0.04951099,0.004523965
41.0,0.049470227,0.0044976133
41.1,0.04942745,0.0044700503
41.2,0.04938071,0.00444524
41.3,0.049324457,0.0044264114
41.4,0.049254756,0.004412648
41.5,0.04916492,0.0044053947
41.6,0.049046848,0.004401915
41.7,0.048898023,0.004402498
41.8,0.048718598,0.004400603
41.9,0.048516106,0.0043956586
42.0,0.04829446,0.0043854346
42.1,0.048062164,0.0043731374
42.2,0.047818754,0.0043614767
42.3,0.047567617,0.004344249
42.4,0.04730005,0.0043155286
42.5,0.047011912,0.004266295
42.6,0.04669864,0.004187347
42.7,0.04637518,0.0040807566
42.8,0.046061464,0.0039556245
42.9,0.045771737,0.0038383307
43.0,0.045515195,0.0037420553
43.1,0.04529587,0.0036781125
43.2,0.045114435,0.003644817
43.3,0.044968195,0.003636544
43.4,0.044843655,0.0036370868
43.5,0.044731494,0.003631417
43.6,0.044619728,0.0036085043
43.7,0.04450793,0.003573636
43.8,0.044392135,0.0035346851
43.9,0.044279967,0.0035054118
44.0,0.04417405,0.0034911733
44.1,0.04408196,0.003494576
44.2,0.043997884,0.0035157364
44.3,0.043920234,0.003544834
44.4,0.043842755,0.0035692053
44.5,0.043768823,0.0035742742
44.6,0.04369709,0.0035524708
44.7,0.043629102,0.003509528
44.8,0.04356695,0.0034499892
44.9,0.043512125,0.0033843329
45.0,0.043470323,0.0033183617
45.1,0.043443494,0.0032559403
45.2,0.043435775,0.0032013194
45.3,0.043439515,0.0031552908
45.4,0.04344815,0.0031258177
45.5,0.043446664,0.0031124742
45.6,0.043435782,0.00311441
45.7,0.043412946,0.003126199
45.8,0.043387555,0.0031500154
45.9,0.043367,0.0031902497
46.0,0.043356176,0.0032447805
46.1,0.043356508,0.0033077165
46.2,0.04336139,0.0033658855
46.3,0.043370273,0.003410371
46.4,0.043380376,0.0034330697
46.5,0.043396458,0.003437153
46.6,0.04341767,0.003430154
46.7,0.0434448,0.0034208132
46.8,0.04347427,0.0034182626
46.9,0.04350677,0.0034243541
47.0,0.04354463,0.003446806
47.1,0.043588266,0.0034870047
47.2,0.043637108,0.0035453243
47.3,0.04369059,0.0036206222
47.4,0.04374696,0.0037019616
47.5,0.04380714,0.0037920012
47.6,0.04386574,0.003874366
47.7,0.043922503,0.0039501605
47.8,0.0439711,0.0039978623
47.9,0.044015773,0.0040261564
48.0,0.044049155,0.0040256605
48.1,0.044075113,0.0040179337
48.2,0.044087224,0.0040059816
48.3,0.044086553,0.0040027685
48.4,0.04407077,0.0040045585
48.5,0.04404157,0.0040001227
48.6,0.04400525,0.0039857677
48.7,0.043966305,0.003950364
48.8,0.043933757,0.003904148
48.9,0.04391325,0.0038496857
49.0,0.043908823,0.003796902
49.1,0.04392044,0.0037497084
49.2,0.043943338,0.0037023716
49.3,0.043980394,0.0036608337
49.4,0.04402775,0.0036161577
49.5,0.044090938,0.0035790862
49.6,0.044163775,0.0035387804
49.7,0.044248167,0.003500383
49.8,0.044341937,0.0034553402
49.9,0.04444291,0.0034099654
50.0,0.044550315,0.0033589178
50.1,0.04465991,0.0033090315
50.2,0.044768516,0.0032504697
50.3,0.04487152,0.003196226
50.4,0.0449684,0.0031361915
50.5,0.045064434,0.003086175
50.6,0.045164507,0.00303885
50.7,0.04527635,0.0030077589
50.8,0.045402937,0.0029905238
50.9,0.045545626,0.002993568
51.0,0.045703396,0.003011081
51.1,0.045872703,0.0030432676
51.2,0.046055004,0.0030782875
51.3,0.046250325,0.003118454
51.4,0.046459883,0.0031472177
51.5,0.04668537,0.0031696614
51.6,0.04692308,0.003169875
51.7,0.047176328,0.0031616744
51.8,0.04744059,0.0031447918
51.9,0.047714744,0.003134413
52.0,0.04799808,0.0031348886
52.1,0.048284195,0.0031498559
52.2,0.04857112,0.0031803881
52.3,0.04885127,0.0032256965
52.4,0.049123555,0.0032791195
52.5,0.049387954,0.003342507
52.6,0.049640078,0.0034110793
52.7,0.04988624,0.003490707
52.8,0.050128993,0.0035776463
52.9,0.050377924,0.0036717122
53.0,0.0506385,0.003769765
53.1,0.050911535,0.0038702637
53.2,0.051198214,0.0039761616
53.3,0.051491894,0.004087937
53.4,0.05179017,0.004208923
53.5,0.05208832,0.0043305717
53.6,0.05238239,0.0044478965
53.7,0.052671537,0.004552458
53.8,0.052950807,0.004641532
53.9,0.05321787,0.0047156513
54.0,0.05346742,0.0047769956
54.1,0.053705115,0.0048294957
54.2,0.053932916,0.0048790905
54.3,0.054160222,0.0049247937
54.4,0.054381937,0.0049724085
54.5,0.054602228,0.005017705
54.6,0.054816768,0.0050634304
54.7,0.055025812,0.0051067355
54.8,0.05522608,0.0051384578
54.9,0.055413924,0.005159943
55.0,0.055589397,0.00515735
55.1,0.05575188,0.0051438217
55.2,0.05590631,0.0051107393
55.3,0.056055106,0.0050725816
55.4,0.05620544,0.005026432
55.5,0.056357175,0.0049787764
55.6,0.056512725,0.004931814
55.7,0.056670714,0.0048833396
55.8,0.056829818,0.004839498
55.9,0.05699218,0.004795691
56.0,0.05715384,0.0047601783
56.1,0.057320308,0.0047299904
56.2,0.05748893,0.004712187
56.3,0.057667915,0.0046996
56.4,0.05785706,0.0046932767
56.5,0.05806164,0.004690215
56.6,0.058278114,0.004692637
56.7,0.058509383,0.004701659
56.8,0.058749877,0.004715658
56.9,0.059002414,0.0047344686
57.0,0.05926043,0.0047575147
57.1,0.059529684,0.004779747
57.2,0.059804913,0.004801785
57.3,0.060091864,0.0048170863
57.4,0.060385376,0.0048313406
57.5,0.060688548,0.004841797
57.6,0.06099674,0.0048514386
57.7,0.061312377,0.0048617506
57.8,0.06163246,0.00487594
57.9,0.061959535,0.004898034
58.0,0.062289614,0.0049239583
58.1,0.06262808,0.0049539288
58.2,0.062968515,0.0049878713
58.3,0.063315935,0.005019481
58.4,0.06366247,0.0050514555
58.5,0.06401517,0.0050769327
58.6,0.064368844,0.0051032854
58.7,0.06472944,0.005124595
58.8,0.06509022,0.005144908
58.9,0.065456845,0.0051626065
59.0,0.06582676,0.005176042
59.1,0.066208385,0.0051814676
59.2,0.06659757,0.0051809372
59.3,0.06700572,0.0051716794
59.4,0.067425795,0.0051613566
59.5,0.0678685,0.0051411823
59.6,0.06832294,0.0051185116
59.7,0.06879575,0.005088216
59.8,0.06928365,0.005051926
59.9,0.06978752,0.005007689
60.0,0.070306264,0.0049542375
60.1,0.07083555,0.004895551
60.2,0.07137354,0.0048364275
60.3,0.07191528,0.0047749667
60.4,0.07245664,0.0047133416
60.5,0.072991185,0.0046530687
60.6,0.07351833,0.0045971405
60.7,0.0740338,0.004552521
60.8,0.07454302,0.0045168772
60.9,0.07503639,0.0044940724
61.0,0.075521,0.0044795787
61.1,0.07598705,0.0044752965
61.2,0.07644129,0.004477295
61.3,0.076882854,0.004488858
61.4,0.07731141,0.004506283
61.5,0.07773486,0.0045318003
61.6,0.07814698,0.0045655146
61.7,0.07855935,0.0045999764
61.8,0.078966774,0.0046368106
61.9,0.07937811,0.0046716477
62.0,0.07979141,0.004701735
62.1,0.08020982,0.004725351
62.2,0.08063387,0.004743971
62.3,0.08106493,0.004760451
62.4,0.08150758,0.004774915
62.5,0.08195955,0.004791563
62.6,0.082436696,0.004811922
62.7,0.08293246,0.00483969
62.8,0.08345596,0.0048684115
62.9,0.08400686,0.004903271
63.0,0.084583,0.0049412125
63.1,0.08518838,0.0049789282
63.2,0.08581312,0.0050164238
63.3,0.086466186,0.005048224
63.4,0.08714058,0.0050781793
63.5,0.08784185,0.005101487
63.6,0.088568926,0.005118608
63.7,0.08931906,0.0051324274
63.8,0.09010366,0.0051415046
63.9,0.09091687,0.0051456913
64.0,0.09176362,0.0051400657
64.1,0.09264156,0.005134547
64.2,0.09355137,0.0051266314
64.3,0.09449166,0.0051159714
64.4,0.09544826,0.005107887
64.5,0.09643145,0.0050999825
64.6,0.09743391,0.0050962414
64.7,0.09845524,0.0050911414
64.8,0.099492416,0.005076625
64.9,0.10053992,0.00505536
65.0,0.10159513,0.005030887
65.1,0.10264959,0.0050070737
65.2,0.10370596,0.0049790144
65.3,0.10475965,0.004955694
65.4,0.105797045,0.004941211
65.5,0.10682601,0.004936629
65.6,0.10784484,0.004944435
65.7,0.10884605,0.0049526207
65.8,0.10982783,0.004960959
65.9,0.110787116,0.0049739764
66.0,0.11173627,0.0049852757
66.1,0.11266799,0.004998765
66.2,0.11358115,0.0050175423
66.3,0.1144867,0.0050378987
66.4,0.11537516,0.0050625415
66.5,0.11625552,0.0050824573
66.6,0.11712983,0.0051036454
66.7,0.11799314,0.0051257713
66.8,0.11884728,0.005145259
66.9,0.11969278,0.0051659257
67.0,0.12053107,0.0051886407
67.1,0.1213601,0.0052164537
67.2,0.122171365,0.0052534714
67.3,0.12298278,0.0052875546
67.4,0.12379297,0.0053278934
67.5,0.1245979,0.00537576
67.6,0.12540233,0.0054281023
67.7,0.12621072,0.0054834504
67.8,0.12701935,0.005543216
67.9,0.12783404,0.005613953
68.0,0.12864788,0.0057011335
68.1,0.12947269,0.0057919677
68.2,0.13030285,0.0058956454
68.3,0.13113558,0.0060210945
68.4,0.13197684,0.006169403
68.5,0.13282412,0.006337212
68.6,0.13366486,0.006460605
68.7,0.13450134,0.006528926
68.8,0.13533568,0.006543444
68.9,0.13617596,0.0065515107
69.0,0.13702132,0.006534449
69.1,0.1378679,0.006496073
69.2,0.13871913,0.006434964
69.3,0.13958265,0.006380522
69.4,0.14045899,0.0063478816
69.5,0.14135468,0.0063251588
69.6,0.14226413,0.0063206367
69.7,0.14317696,0.0063233473
69.8,0.144098,0.00633384
69.9,0.14502852,0.0063549443
70.0,0.1459688,0.0063826884
70.1,0.14692351,0.0064096022
70.2,0.14789073,0.0064362194
70.3,0.14887041,0.0064603104
70.4,0.14986144,0.0064870194
70.5,0.15086809,0.006516815
70.6,0.15189037,0.0065429686
70.7,0.15293121,0.006566931
70.8,0.15398602,0.006595644
70.9,0.1550525,0.006625472
71.0,0.15613164,0.006659762
71.1,0.15722427,0.006698805
71.2,0.15832968,0.0067375517
71.3,0.15944707,0.006777773
71.4,0.16057877,0.006824778
71.5,0.16172369,0.0068709017
71.6,0.16288306,0.006920666
71.7,0.16405478,0.0069762003
71.8,0.1652422,0.007030754
71.9,0.16644399,0.00708605
72.0,0.16765934,0.0071420935
72.1,0.16888703,0.007193984
72.2,0.17012629,0.007248375
72.3,0.17138404,0.007307014
72.4,0.17266214,0.0073567266
72.5,0.17395958,0.0074049276
72.6,0.1752716,0.0074529173
72.7,0.17660224,0.007501453
72.8,0.17795208,0.00754805
72.9,0.1793249,0.0075942837
73.0,0.18072362,0.0076250685
73.1,0.18213682,0.007655355
73.2,0.1835681,0.007690868
73.3,0.18503037,0.007722813
73.4,0.18651198,0.007751765
73.5,0.18802054,0.0077849254
73.6,0.1895547,0.007821854
73.7,0.19110657,0.007853497
73.8,0.1926804,0.007892149
73.9,0.19427456,0.007936314
74.0,0.19589609,0.0079721715
74.1,0.1975366,0.008014134
74.2,0.19920179,0.008069642
74.3,0.20089315,0.008116491
74.4,0.20259975,0.008167241
74.5,0.2043197,0.008218244
74.6,0.20606773,0.008257319
74.7,0.20782703,0.008293369
74.8,0.20961118,0.008340619
74.9,0.21142693,0.008382755
75.0,0.2132508,0.008423018
75.1,0.21508273,0.008459158
75.2,0.21693265,0.008503381
75.3,0.21881026,0.008526882
75.4,0.22071196,0.008558712
75.5,0.22260843,0.008572419
75.6,0.22437738,0.0084042465
75.7,0.22599915,0.0081208395
75.8,0.22753906,0.0077751707
75.9,0.2291542,0.007457413
76.0,0.23075989,0.007094836
76.1,0.23233144,0.0066698655
76.2,0.23385422,0.0061870827
76.3,0.23535061,0.0055939737
76.4,0.23678522,0.004940182
76.5,0.2377186,0.0043483553
76.6,0.23876366,0.0036390505
76.7,nan,nan
76.8,nan,nan
76.9,nan,nan
77.0,nan,nan
77.1,nan,nan
77.2,nan,nan
77.3,nan,nan
77.4,nan,nan
77.5,nan,nan
77.6,nan,nan
77.7,nan,nan
77.8,nan,nan
77.9,nan,nan
78.0,nan,nan
78.1,nan,nan
78.2,nan,nan
78.3,nan,nan
78.4,nan,nan
78.5,nan,nan
78.6,nan,nan
78.7,nan,nan
78.8,nan,nan
78.9,nan,nan
79.0,nan,nan
79.1,nan,nan
79.2,nan,nan
79.3,nan,nan
79.4,nan,nan
79.5,nan,nan
79.6,nan,nan
79.7,nan,nan
79.8,nan,nan
79.9,nan,nan
80.0,nan,nan
80.1,nan,nan
80.2,nan,nan
80.3,nan,nan
80.4,nan,nan
80.5,nan,nan
80.6,nan,nan
80.7,nan,nan
80.8,nan,nan
80.9,nan,nan
81.0,nan,nan
81.1,nan,nan
81.2,nan,nan
81.3,nan,nan
81.4,nan,nan
81.5,nan,nan
81.6,nan,nan
81.7,nan,nan
81.8,nan,nan
81.9,nan,nan
82.0,nan,nan
82.1,nan,nan
82.2,nan,nan
82.3,nan,nan
82.4,nan,nan
82.5,nan,nan
82.6,nan,nan
82.7,nan,nan
82.8,nan,nan
82.9,nan,nan
83.0,nan,nan
83.1,nan,nan
83.2,nan,nan
83.3,nan,nan
83.4,nan,nan
83.5,nan,nan
83.6,nan,nan
83.7,nan,nan
83.8,nan,nan
83.9,nan,nan
84.0,nan,nan
84.1,nan,nan
84.2,nan,nan
84.3,nan,nan
84.4,nan,nan
84.5,nan,nan
84.6,nan,nan
84.7,nan,nan
84.8,nan,nan
84.9,nan,nan
85.0,nan,nan
85.1,nan,nan
85.2,nan,nan
85.3,nan,nan
85.4,nan,nan
85.5,nan,nan
85.6,nan,nan
85.7,nan,nan
85.8,nan,nan
85.9,nan,nan
86.0,nan,nan
86.1,nan,nan
86.2,nan,nan
86.3,nan,nan
86.4,nan,nan
86.5,nan,nan
86.6,nan,nan
86.7,nan,nan
86.8,nan,nan
86.9,nan,nan
87.0,nan,nan
87.1,nan,nan
87.2,nan,nan
87.3,nan,nan
87.4,nan,nan
87.5,nan,nan
87.6,nan,nan
87.7,nan,nan
87.8,nan,nan
87.9,nan,nan
88.0,nan,nan
88.1,nan,nan
88.2,nan,nan
88.3,nan,nan
88.4,nan,nan
88.5,nan,nan
88.6,nan,nan
88.7,nan,nan
88.8,nan,nan
88.9,nan,nan
89.0,nan,nan
89.1,nan,nan
89.2,nan,nan
89.3,nan,nan
89.4,nan,nan
89.5,nan,nan
89.6,nan,nan
89.7,nan,nan
89.8,nan,nan
89.9,nan,nan
90.0,nan,nan
