PC_Latitude,I/F,Error
-90.0,nan,nan
-89.9,nan,nan
-89.8,nan,nan
-89.7,nan,nan
-89.6,nan,nan
-89.5,nan,nan
-89.4,nan,nan
-89.3,nan,nan
-89.2,nan,nan
-89.1,nan,nan
-89.0,nan,nan
-88.9,nan,nan
-88.8,nan,nan
-88.7,nan,nan
-88.6,nan,nan
-88.5,nan,nan
-88.4,nan,nan
-88.3,nan,nan
-88.2,nan,nan
-88.1,nan,nan
-88.0,nan,nan
-87.9,nan,nan
-87.8,nan,nan
-87.7,nan,nan
-87.6,nan,nan
-87.5,nan,nan
-87.4,nan,nan
-87.3,nan,nan
-87.2,nan,nan
-87.1,nan,nan
-87.0,nan,nan
-86.9,nan,nan
-86.8,nan,nan
-86.7,nan,nan
-86.6,nan,nan
-86.5,nan,nan
-86.4,nan,nan
-86.3,nan,nan
-86.2,nan,nan
-86.1,nan,nan
-86.0,nan,nan
-85.9,nan,nan
-85.8,nan,nan
-85.7,nan,nan
-85.6,nan,nan
-85.5,nan,nan
-85.4,nan,nan
-85.3,nan,nan
-85.2,nan,nan
-85.1,nan,nan
-85.0,nan,nan
-84.9,nan,nan
-84.8,nan,nan
-84.7,nan,nan
-84.6,nan,nan
-84.5,nan,nan
-84.4,nan,nan
-84.3,nan,nan
-84.2,nan,nan
-84.1,nan,nan
-84.0,nan,nan
-83.9,nan,nan
-83.8,nan,nan
-83.7,nan,nan
-83.6,nan,nan
-83.5,nan,nan
-83.4,nan,nan
-83.3,nan,nan
-83.2,nan,nan
-83.1,nan,nan
-83.0,nan,nan
-82.9,nan,nan
-82.8,nan,nan
-82.7,nan,nan
-82.6,nan,nan
-82.5,nan,nan
-82.4,nan,nan
-82.3,nan,nan
-82.2,nan,nan
-82.1,nan,nan
-82.0,nan,nan
-81.9,nan,nan
-81.8,nan,nan
-81.7,nan,nan
-81.6,nan,nan
-81.5,nan,nan
-81.4,nan,nan
-81.3,nan,nan
-81.2,nan,nan
-81.1,0.35222462,0.006253605
-81.0,0.35125265,0.0064306636
-80.9,0.35011226,0.006555091
-80.8,0.3482544,0.006716864
-80.7,0.346177,0.006869571
-80.6,0.34416226,0.007135898
-80.5,0.3421062,0.0075113475
-80.4,0.34002328,0.007907551
-80.3,0.33796793,0.008291104
-80.2,0.33600256,0.008735877
-80.1,0.33409312,0.009245505
-80.0,0.3322059,0.0097715445
-79.9,0.33036882,0.010263344
-79.8,0.3285481,0.010778754
-79.7,0.32657915,0.011165017
-79.6,0.32447815,0.011370491
-79.5,0.32221657,0.011384751
-79.4,0.31996822,0.011390717
-79.3,0.31772077,0.011379465
-79.2,0.31549984,0.011340782
-79.1,0.31328872,0.011290204
-79.0,0.31109077,0.01123616
-78.9,0.3089481,0.011175386
-78.8,0.3068295,0.011132901
-78.7,0.30471632,0.011092883
-78.6,0.30262405,0.01102717
-78.5,0.30054244,0.010963158
-78.4,0.2984812,0.010904948
-78.3,0.29644778,0.010833256
-78.2,0.2944236,0.010785769
-78.1,0.29239947,0.010757774
-78.0,0.29036278,0.010736277
-77.9,0.28836474,0.010712684
-77.8,0.2863896,0.010703793
-77.7,0.28442186,0.010701109
-77.6,0.2824634,0.01069548
-77.5,0.2805011,0.010694193
-77.4,0.27854097,0.010687515
-77.3,0.27660644,0.010673316
-77.2,0.27468598,0.01067267
-77.1,0.27276716,0.010675384
-77.0,0.27085754,0.010673621
-76.9,0.26896128,0.0106819775
-76.8,0.26708475,0.0106999865
-76.7,0.2652317,0.010714256
-76.6,0.26338908,0.010743843
-76.5,0.2615584,0.01078042
-76.4,0.25974315,0.010808308
-76.3,0.25795457,0.010849637
-76.2,0.25617605,0.01089702
-76.1,0.2543983,0.0109241465
-76.0,0.25261322,0.010937071
-75.9,0.2508315,0.010932427
-75.8,0.24906655,0.010917094
-75.7,0.24731869,0.010905414
-75.6,0.24557993,0.010890284
-75.5,0.24384186,0.010851406
-75.4,0.24211231,0.010811438
-75.3,0.24039695,0.010776624
-75.2,0.23869762,0.010731637
-75.1,0.237023,0.010695203
-75.0,0.23537222,0.010663438
-74.9,0.2337475,0.010634201
-74.8,0.23212998,0.010609473
-74.7,0.23051456,0.010575565
-74.6,0.22889435,0.010514232
-74.5,0.22728263,0.01044586
-74.4,0.22568154,0.010383066
-74.3,0.22408451,0.010319174
-74.2,0.2224962,0.010261698
-74.1,0.2209218,0.010204814
-74.0,0.21936493,0.010150065
-73.9,0.21781681,0.010106398
-73.8,0.21628027,0.010061384
-73.7,0.21474834,0.010004207
-73.6,0.2132354,0.009947241
-73.5,0.211737,0.009894631
-73.4,0.2102419,0.009839647
-73.3,0.20875482,0.009789198
-73.2,0.20727825,0.009739468
-73.1,0.20581187,0.009693874
-73.0,0.2043603,0.009656246
-72.9,0.20292449,0.009623349
-72.8,0.20149456,0.009607454
-72.7,0.20007977,0.009595548
-72.6,0.19868556,0.009577127
-72.5,0.19730185,0.0095641315
-72.4,0.19593695,0.009560744
-72.3,0.1945942,0.009548726
-72.2,0.19327784,0.00952967
-72.1,0.1919871,0.0094979415
-72.0,0.19070818,0.009467562
-71.9,0.18945664,0.0094386665
-71.8,0.18823017,0.00940053
-71.7,0.18701564,0.009359901
-71.6,0.18581145,0.009317527
-71.5,0.18463269,0.009265597
-71.4,0.1834737,0.009214403
-71.3,0.18233816,0.009160855
-71.2,0.18121271,0.009111079
-71.1,0.18010128,0.009059334
-71.0,0.17901424,0.009002189
-70.9,0.17793417,0.008948978
-70.8,0.17686485,0.008898266
-70.7,0.17579983,0.00883745
-70.6,0.17473002,0.008772251
-70.5,0.173667,0.008702472
-70.4,0.1726095,0.008632617
-70.3,0.17156722,0.008563779
-70.2,0.17054628,0.008491829
-70.1,0.16952819,0.008431088
-70.0,0.1685278,0.008371578
-69.9,0.16753426,0.008311166
-69.8,0.1665499,0.008256275
-69.7,0.16558288,0.008207003
-69.6,0.16462575,0.00817383
-69.5,0.16368756,0.008154484
-69.4,0.16274877,0.008149178
-69.3,0.1618111,0.00815709
-69.2,0.16088288,0.0081721665
-69.1,0.15996215,0.008201555
-69.0,0.1590395,0.008240099
-68.9,0.15811303,0.008282645
-68.8,0.15717812,0.0083316155
-68.7,0.15625247,0.008385367
-68.6,0.15532166,0.008444517
-68.5,0.1543939,0.008504352
-68.4,0.1534731,0.008558356
-68.3,0.15256187,0.008607921
-68.2,0.15167665,0.00864894
-68.1,0.1507955,0.008692857
-68.0,0.14992966,0.008727176
-67.9,0.149067,0.008741743
-67.8,0.14821154,0.008740682
-67.7,0.14736465,0.008722396
-67.6,0.1465012,0.008692041
-67.5,0.14563227,0.008639998
-67.4,0.14474532,0.008577324
-67.3,0.14385618,0.00851141
-67.2,0.14296691,0.008443188
-67.1,0.14207098,0.008379198
-67.0,0.14117925,0.008314881
-66.9,0.14027657,0.008261533
-66.8,0.1393761,0.0082129305
-66.7,0.13846107,0.008174136
-66.6,0.13753504,0.008145352
-66.5,0.13659292,0.008131385
-66.4,0.1356186,0.008140791
-66.3,0.13461682,0.008159204
-66.2,0.13357176,0.008199432
-66.1,0.13249238,0.00826264
-66.0,0.13136134,0.008347452
-65.9,0.13018335,0.008449069
-65.8,0.12894472,0.008571294
-65.7,0.12764037,0.008710668
-65.6,0.12627016,0.008858139
-65.5,0.12481548,0.0090268655
-65.4,0.12328833,0.00920869
-65.3,0.12167169,0.009410907
-65.2,0.119977094,0.009644895
-65.1,0.11820188,0.00990915
-65.0,0.11635513,0.010199954
-64.9,0.1144422,0.010515423
-64.8,0.11246992,0.010842396
-64.7,0.110450014,0.011163244
-64.6,0.10839033,0.011466672
-64.5,0.10630059,0.011740977
-64.4,0.104168974,0.011971046
-64.3,0.10201821,0.012143831
-64.2,0.09983994,0.012258951
-64.1,0.097659335,0.012300432
-64.0,0.09547368,0.012272275
-63.9,0.09329979,0.012169966
-63.8,0.091151305,0.0119966855
-63.7,0.08904184,0.0117636295
-63.6,0.08697496,0.011467345
-63.5,0.084959395,0.011111524
-63.4,0.08300481,0.010715883
-63.3,0.08112763,0.010275398
-63.2,0.07934274,0.009801128
-63.1,0.07764324,0.009308063
-63.0,0.07605013,0.008804028
-62.9,0.074550115,0.008310054
-62.8,0.073145494,0.007833915
-62.7,0.07182125,0.007386152
-62.6,0.0705677,0.006967302
-62.5,0.06938253,0.006586262
-62.4,0.06825835,0.0062306304
-62.3,0.06718424,0.0059097046
-62.2,0.06616764,0.005617724
-62.1,0.0651923,0.005350516
-62.0,0.06426384,0.0051031
-61.9,0.06337915,0.004870561
-61.8,0.06253777,0.004650044
-61.7,0.061737254,0.004444091
-61.6,0.060978338,0.004249985
-61.5,0.060251415,0.0040780944
-61.4,0.05956292,0.0039221444
-61.3,0.058901917,0.003793346
-61.2,0.058273677,0.003687466
-61.1,0.05767328,0.0035968379
-61.0,0.05710389,0.003523349
-60.9,0.056569833,0.0034636962
-60.8,0.056079164,0.0034197662
-60.7,0.05563177,0.0033924005
-60.6,0.055235583,0.0033727535
-60.5,0.054880954,0.0033658477
-60.4,0.054570016,0.0033529876
-60.3,0.054290738,0.003336016
-60.2,0.054032937,0.0033114154
-60.1,0.053783707,0.003283919
-60.0,0.053530987,0.0032572898
-59.9,0.053264793,0.003227051
-59.8,0.052982494,0.0032004907
-59.7,0.052684337,0.0031766756
-59.6,0.052369457,0.0031505895
-59.5,0.052043736,0.0031280993
-59.4,0.051703516,0.003094618
-59.3,0.051361773,0.0030667975
-59.2,0.05102214,0.0030403084
-59.1,0.050693918,0.003034194
-59.0,0.050377164,0.0030471983
-58.9,0.05008674,0.003078629
-58.8,0.049826544,0.0031291544
-58.7,0.049614675,0.003199404
-58.6,0.049455196,0.0032885529
-58.5,0.049352914,0.0033997297
-58.4,0.049310748,0.003526272
-58.3,0.049319137,0.0036652326
-58.2,0.049387865,0.0038047284
-58.1,0.049501978,0.0039451583
-58.0,0.049657438,0.004075003
-57.9,0.049835335,0.004193634
-57.8,0.05002903,0.0043002954
-57.7,0.05022862,0.0043847663
-57.6,0.050425142,0.004451445
-57.5,0.05061598,0.0044801673
-57.4,0.050790157,0.0044818725
-57.3,0.050943054,0.0044500935
-57.2,0.05106341,0.0044019665
-57.1,0.05114734,0.0043418356
-57.0,0.051189706,0.004275011
-56.9,0.051191427,0.004200544
-56.8,0.051151842,0.004122897
-56.7,0.051079642,0.0040431586
-56.6,0.050977863,0.0039640013
-56.5,0.050860345,0.0038831222
-56.4,0.05072721,0.0038001738
-56.3,0.050588485,0.003716541
-56.2,0.05044005,0.0036303236
-56.1,0.050286986,0.003545085
-56.0,0.050130963,0.0034651784
-55.9,0.049981415,0.0033957604
-55.8,0.049845636,0.0033419952
-55.7,0.049720872,0.0033032908
-55.6,0.049606867,0.0032820927
-55.5,0.04949678,0.003265763
-55.4,0.04938718,0.0032543377
-55.3,0.049271334,0.0032377879
-55.2,0.04914617,0.0032217314
-55.1,0.04901094,0.0032055043
-55.0,0.048864998,0.0031941645
-54.9,0.048712358,0.0031878601
-54.8,0.048560098,0.0031875588
-54.7,0.048413023,0.0031903407
-54.6,0.048273876,0.0031956928
-54.5,0.048142068,0.0032001506
-54.4,0.04802085,0.003202227
-54.3,0.047913454,0.0032088256
-54.2,0.0478234,0.0032180417
-54.1,0.0477477,0.0032343264
-54.0,0.04768232,0.0032499048
-53.9,0.047623124,0.0032697106
-53.8,0.047570955,0.0032907513
-53.7,0.047525898,0.003317088
-53.6,0.047491238,0.0033450513
-53.5,0.0474646,0.003375645
-53.4,0.04744984,0.0034037554
-53.3,0.047444496,0.0034267153
-53.2,0.047452893,0.0034419198
-53.1,0.047469687,0.003446608
-53.0,0.047491085,0.0034423524
-52.9,0.04751091,0.0034269844
-52.8,0.047523897,0.0034052646
-52.7,0.04752388,0.0033783051
-52.6,0.04750854,0.0033502763
-52.5,0.047476698,0.0033218262
-52.4,0.04743209,0.0032918807
-52.3,0.047372542,0.003260458
-52.2,0.04729796,0.0032260846
-52.1,0.04720402,0.0031886627
-52.0,0.047085706,0.0031478514
-51.9,0.04694907,0.0031066332
-51.8,0.046796568,0.003060943
-51.7,0.046640776,0.0030163368
-51.6,0.04647856,0.0029648982
-51.5,0.0463081,0.0029096028
-51.4,0.046123113,0.002842602
-51.3,0.04592082,0.0027680297
-51.2,0.045714736,0.00269054
-51.1,0.045512535,0.002613503
-51.0,0.04533441,0.0025389146
-50.9,0.045182616,0.0024679475
-50.8,0.045063306,0.0024045643
-50.7,0.04496818,0.0023557404
-50.6,0.044895522,0.002322686
-50.5,0.044838037,0.0023092506
-50.4,0.04479383,0.0023027975
-50.3,0.04475591,0.0023055866
-50.2,0.04472939,0.0023144612
-50.1,0.044710964,0.0023487834
-50.0,0.044702638,0.0024014732
-49.9,0.044696506,0.0024720542
-49.8,0.04468488,0.0025303697
-49.7,0.044659737,0.0025722065
-49.6,0.04461771,0.0025852444
-49.5,0.044565264,0.002582757
-49.4,0.044512127,0.0025724887
-49.3,0.044470903,0.0025642174
-49.2,0.044453155,0.0025660936
-49.1,0.044469517,0.0025714298
-49.0,0.044525377,0.0025845724
-48.9,0.044627294,0.002593126
-48.8,0.044773526,0.0025998433
-48.7,0.04495898,0.0025935066
-48.6,0.045167834,0.0025800844
-48.5,0.04538735,0.0025506828
-48.4,0.045607235,0.0025091376
-48.3,0.04581926,0.0024422242
-48.2,0.046015043,0.0023553297
-48.1,0.04618737,0.0022436238
-48.0,0.04633247,0.0021170771
-47.9,0.04644633,0.0019839108
-47.8,0.04652228,0.0018563137
-47.7,0.046563223,0.0017516962
-47.6,0.046574984,0.0016730356
-47.5,0.04656916,0.0016282066
-47.4,0.046550054,0.0016129497
-47.3,0.046525218,0.0016340641
-47.2,0.046498656,0.0016840014
-47.1,0.04647468,0.0017582462
-47.0,0.046448093,0.0018389518
-46.9,0.046418484,0.0019187974
-46.8,0.046382908,0.0019936918
-46.7,0.046343375,0.002066742
-46.6,0.046299994,0.0021413097
-46.5,0.046253927,0.0022111996
-46.4,0.04620992,0.0022718022
-46.3,0.046165552,0.0023219257
-46.2,0.04611974,0.002364503
-46.1,0.046065614,0.0024097215
-46.0,0.046005294,0.0024522753
-45.9,0.045940768,0.002500696
-45.8,0.045875613,0.002544539
-45.7,0.0458112,0.002593233
-45.6,0.045749538,0.002640731
-45.5,0.04569549,0.0026943723
-45.4,0.045657717,0.0027573179
-45.3,0.04564336,0.0028277712
-45.2,0.04565145,0.002902844
-45.1,0.04567749,0.002968973
-45.0,0.045715082,0.0030218377
-44.9,0.045758083,0.0030620724
-44.8,0.04580551,0.0031048437
-44.7,0.04585434,0.003167263
-44.6,0.045913383,0.003254478
-44.5,0.04598227,0.0033569664
-44.4,0.046066567,0.0034674895
-44.3,0.04616393,0.0035778864
-44.2,0.046273775,0.0037038012
-44.1,0.046378016,0.0038034683
-44.0,0.046450436,0.0037964438
-43.9,0.046471853,0.0036771412
-43.8,0.04644566,0.003490273
-43.7,0.046392098,0.0033449212
-43.6,0.046323657,0.0032575245
-43.5,0.046248164,0.0032763777
-43.4,0.046148118,0.0033725225
-43.3,0.04601555,0.0034843562
-43.2,0.045844007,0.0035284346
-43.1,0.04566777,0.0035458705
-43.0,0.045513943,0.0035846967
-42.9,0.045406457,0.003656447
-42.8,0.045343634,0.0037190437
-42.7,0.04532229,0.0037596598
-42.6,0.04534626,0.003780979
-42.5,0.045412827,0.0037873485
-42.4,0.045522984,0.0037750278
-42.3,0.045673013,0.0037539774
-42.2,0.04586538,0.0037297332
-42.1,0.046096195,0.00370377
-42.0,0.046354342,0.00367496
-41.9,0.046624824,0.0036417576
-41.8,0.046895098,0.0036062156
-41.7,0.04715224,0.0035774529
-41.6,0.047382854,0.003556093
-41.5,0.047576606,0.0035493409
-41.4,0.047730543,0.0035647894
-41.3,0.04785236,0.003613363
-41.2,0.047947865,0.0037044152
-41.1,0.04801797,0.003830956
-41.0,0.048056133,0.0039718696
-40.9,0.04805656,0.0041041872
-40.8,0.048016172,0.0041954853
-40.7,0.04793836,0.0042339102
-40.6,0.047834232,0.004214704
-40.5,0.047717832,0.0041531282
-40.4,0.047611963,0.00406989
-40.3,0.047530573,0.0039818157
-40.2,0.04749323,0.0039084177
-40.1,0.047499944,0.0038526712
-40.0,0.04755839,0.0038114514
-39.9,0.04766727,0.0037769629
-39.8,0.04783305,0.0037449072
-39.7,0.048058,0.0037176593
-39.6,0.048331924,0.00369382
-39.5,0.04864255,0.0036754136
-39.4,0.048962228,0.0036641904
-39.3,0.04927077,0.0036677513
-39.2,0.049553994,0.003693473
-39.1,0.049812857,0.0037322997
-39.0,0.050061446,0.0037794383
-38.9,0.05030658,0.0038259404
-38.8,0.05055203,0.003865248
-38.7,0.050798293,0.0038913772
-38.6,0.051052254,0.0038989333
-38.5,0.051328737,0.003901227
-38.4,0.05163417,0.003917247
-38.3,0.05197499,0.0039751343
-38.2,0.052352965,0.0041101356
-38.1,0.052761905,0.0043417006
-38.0,0.053194445,0.004674128
-37.9,0.053630874,0.0050825337
-37.8,0.054063212,0.005537036
-37.7,0.054484464,0.0060016476
-37.6,0.054894526,0.006444328
-37.5,0.055294823,0.006840048
-37.4,0.055676926,0.0071644243
-37.3,0.056033086,0.007414474
-37.2,0.056355964,0.0075888
-37.1,0.056636002,0.007691401
-37.0,0.05687064,0.007722797
-36.9,0.05704887,0.007684866
-36.8,0.057166282,0.0075860242
-36.7,0.057215583,0.0074274833
-36.6,0.05720362,0.0072159898
-36.5,0.05714048,0.006945901
-36.4,0.057033055,0.006625893
-36.3,0.056880035,0.006262047
-36.2,0.0566754,0.005877309
-36.1,0.056420963,0.0054808534
-36.0,0.056120172,0.0050848452
-35.9,0.055788573,0.0046979934
-35.8,0.055441007,0.0043396484
-35.7,0.055092473,0.00402478
-35.6,0.05475126,0.0037691963
-35.5,0.054419134,0.003576925
-35.4,0.05409943,0.0034465129
-35.3,0.05380086,0.0033726213
-35.2,0.053541172,0.0033470572
-35.1,0.05333435,0.00336523
-35.0,0.05318668,0.0034205434
-34.9,0.053093597,0.003498215
-34.8,0.053040855,0.0035755923
-34.7,0.053052593,0.0036247713
-34.6,0.05308301,0.003668471
-34.5,0.05313517,0.0037227247
-34.4,0.053173248,0.0038163066
-34.3,0.053276937,0.003878876
-34.2,0.053385183,0.0038822077
-34.1,0.05349001,0.0037985411
-34.0,0.053547498,0.0036945338
-33.9,0.05363182,0.0036028659
-33.8,0.05375372,0.0035590618
-33.7,0.053910594,0.003564202
-33.6,0.054085232,0.0036144436
-33.5,0.054255057,0.0037007376
-33.4,0.054401487,0.0038048048
-33.3,0.054516964,0.0039033468
-33.2,0.054606732,0.003968599
-33.1,0.054677956,0.0039958274
-33.0,0.05473913,0.0040000863
-32.9,0.05481107,0.0040041376
-32.8,0.054917112,0.0040322
-32.7,0.055078853,0.0040917792
-32.6,0.055303384,0.004178189
-32.5,0.055585638,0.0042619854
-32.4,0.055910237,0.0043205465
-32.3,0.05625361,0.0043440303
-32.2,0.05658661,0.004315852
-32.1,0.056895874,0.004251743
-32.0,0.057184808,0.004178536
-31.9,0.057480082,0.0041285525
-31.8,0.057797816,0.004098644
-31.7,0.05814629,0.0040727616
-31.6,0.058521483,0.00404551
-31.5,0.05893128,0.0040184604
-31.4,0.0593823,0.003996421
-31.3,0.05987975,0.0039892793
-31.2,0.060409542,0.0039994405
-31.1,0.060945675,0.004020562
-31.0,0.061460234,0.004046873
-30.9,0.061936364,0.004079342
-30.8,0.06236199,0.0041295383
-30.7,0.06272984,0.00420797
-30.6,0.063040234,0.0043161064
-30.5,0.063295916,0.0044422913
-30.4,0.06349835,0.0045656194
-30.3,0.06364055,0.0046721953
-30.2,0.06372253,0.0047514257
-30.1,0.06376491,0.0048142853
-30.0,0.06374684,0.0048424676
-29.9,0.06365971,0.0048481044
-29.8,0.063485116,0.004829999
-29.7,0.063259415,0.0048124692
-29.6,0.06300642,0.004786241
-29.5,0.062745415,0.004741641
-29.4,0.062483113,0.0046760095
-29.3,0.062223457,0.0045898794
-29.2,0.06196976,0.0044893133
-29.1,0.06171876,0.004386078
-29.0,0.061464407,0.004302433
-28.9,0.06120649,0.004266782
-28.8,0.060948744,0.0042943624
-28.7,0.06069943,0.0043796697
-28.6,0.060465094,0.0044843513
-28.5,0.060249403,0.0045754137
-28.4,0.06005505,0.004638467
-28.3,0.059878767,0.00468952
-28.2,0.05973133,0.0047454294
-28.1,0.059630204,0.004812449
-28.0,0.059576638,0.004876509
-27.9,0.059562646,0.004917202
-27.8,0.059571203,0.00492067
-27.7,0.05961517,0.0048961802
-27.6,0.059696477,0.004862794
-27.5,0.059810773,0.004835116
-27.4,0.05993668,0.0048110797
-27.3,0.060063567,0.0047913687
-27.2,0.060187623,0.004789483
-27.1,0.06030821,0.00482364
-27.0,0.06043116,0.0049029356
-26.9,0.060565878,0.0050073653
-26.8,0.06073102,0.005111615
-26.7,0.06093683,0.005193651
-26.6,0.06118775,0.0052581728
-26.5,0.061483588,0.0053917286
-26.4,0.0618157,0.0056035114
-26.3,0.06216309,0.0057465695
-26.2,0.062483918,0.0055314642
-26.1,0.062758625,0.0050645634
-26.0,0.0629838,0.004531152
-25.9,0.063175604,0.004248806
-25.8,0.0633342,0.0040929387
-25.7,0.0634604,0.0039861957
-25.6,0.06355342,0.0038916804
-25.5,0.06362266,0.0038060746
-25.4,0.06367511,0.0037398527
-25.3,0.06371338,0.0037004363
-25.2,0.06373408,0.003672402
-25.1,0.0637357,0.0036385036
-25.0,0.063727744,0.0035935792
-24.9,0.06372172,0.003547004
-24.8,0.063725,0.0035117543
-24.7,0.063649945,0.0035400307
-24.6,0.06355431,0.0035796072
-24.5,0.06343077,0.0036236271
-24.4,0.06335933,0.0036326763
-24.3,0.06328826,0.00363924
-24.2,0.063242644,0.003662674
-24.1,0.063230656,0.0037007795
-24.0,0.0632612,0.0037520898
-23.9,0.06334155,0.003793803
-23.8,0.06347965,0.003827833
-23.7,0.063676655,0.0038716868
-23.6,0.06391939,0.0039341473
-23.5,0.06420648,0.004017543
-23.4,0.06454182,0.0041121924
-23.3,0.06491545,0.0042064483
-23.2,0.06530282,0.004290678
-23.1,0.065673836,0.0043580555
-23.0,0.066024564,0.004402434
-22.9,0.06636611,0.0044330824
-22.8,0.06671791,0.004468892
-22.7,0.06709682,0.004527808
-22.6,0.06750989,0.0046070246
-22.5,0.06795904,0.0046941615
-22.4,0.06843949,0.0047734054
-22.3,0.06894348,0.0048295395
-22.2,0.06946526,0.0048592365
-22.1,0.06999376,0.004859836
-22.0,0.07052619,0.0048201378
-21.9,0.071059294,0.004719314
-21.8,0.07158019,0.0045559146
-21.7,0.07207754,0.0043678675
-21.6,0.07254161,0.0042052027
-21.5,0.072979026,0.004096303
-21.4,0.07338828,0.0040294663
-21.3,0.073770374,0.0039798333
-21.2,0.07412475,0.0039320122
-21.1,0.074453525,0.003881046
-21.0,0.07474989,0.0038370169
-20.9,0.07500295,0.003802545
-20.8,0.07520786,0.0037779112
-20.7,0.075357325,0.0037502619
-20.6,0.075453356,0.0037122343
-20.5,0.07550198,0.0036708987
-20.4,0.07552655,0.0036411246
-20.3,0.075551264,0.0036304775
-20.2,0.07559097,0.0036435446
-20.1,0.07564065,0.0036969974
-20.0,0.075680934,0.0038129208
-19.9,0.07569526,0.0039834706
-19.8,0.07567134,0.004177044
-19.7,0.07561245,0.004363257
-19.6,0.07551897,0.004536079
-19.5,0.07540026,0.004689109
-19.4,0.07527892,0.0048150527
-19.3,0.07518124,0.0048923544
-19.2,0.07511128,0.0049248133
-19.1,0.0750483,0.0049399934
-19.0,0.07495477,0.0049840934
-18.9,0.07480759,0.005087085
-18.8,0.07458902,0.005235832
-18.7,0.07431075,0.0054021375
-18.6,0.073988125,0.005548052
-18.5,0.073628806,0.005655048
-18.4,0.07322636,0.005720582
-18.3,0.072768174,0.005753546
-18.2,0.07225779,0.005769915
-18.1,0.071702056,0.005764543
-18.0,0.07112247,0.005760889
-17.9,0.070539206,0.006034772
-17.8,0.06997966,0.007394662
-17.7,0.06940269,0.009137734
-17.6,0.06875221,0.009721942
-17.5,0.06800249,0.008764486
-17.4,0.06724593,0.006793906
-17.3,0.06656936,0.0054776645
-17.2,0.06599896,0.005272174
-17.1,0.065497026,0.0052864733
-17.0,0.0650374,0.0053081783
-16.9,0.06461019,0.0053218473
-16.8,0.06420733,0.0053343633
-16.7,0.06382931,0.0053485194
-16.6,0.06347093,0.0053653396
-16.5,0.063121,0.005386941
-16.4,0.06277086,0.0054160166
-16.3,0.062420547,0.0054544304
-16.2,0.062086616,0.0054985518
-16.1,0.061768167,0.0055380515
-16.0,0.061455775,0.0055604703
-15.9,0.061123006,0.0055562947
-15.8,0.06075779,0.005526226
-15.7,0.060362067,0.005481483
-15.6,0.05994621,0.005435134
-15.5,0.059528466,0.005394658
-15.4,0.0591282,0.0053618117
-15.3,0.058761433,0.0053373757
-15.2,0.058430016,0.005312941
-15.1,0.058122765,0.005276051
-15.0,0.05783684,0.0052193855
-14.9,0.057572007,0.0051516313
-14.8,0.057340723,0.0050734575
-14.7,0.057148375,0.0049870363
-14.6,0.056996364,0.004895449
-14.5,0.05688345,0.0048159375
-14.4,0.056816343,0.0047583524
-14.3,0.056800388,0.0047216224
-14.2,0.056838784,0.0046991166
-14.1,0.05693089,0.00468906
-14.0,0.057072468,0.0046925037
-13.9,0.057259705,0.004719161
-13.8,0.05749426,0.0047868104
-13.7,0.057779636,0.004916591
-13.6,0.058110867,0.0051103504
-13.5,0.058465283,0.0053329254
-13.4,0.05881685,0.0055330866
-13.3,0.059140734,0.00566935
-13.2,0.059422266,0.00573691
-13.1,0.059657726,0.0057552997
-13.0,0.05985733,0.0057593803
-12.9,0.060038008,0.0057689482
-12.8,0.06021967,0.005800921
-12.7,0.060408145,0.0058619264
-12.6,0.060604516,0.0059580677
-12.5,0.060800545,0.0060828202
-12.4,0.06098502,0.0062188995
-12.3,0.0611449,0.006338145
-12.2,0.061268955,0.006410187
-12.1,0.061357472,0.006420778
-12.0,0.06142226,0.006385484
-11.9,0.061478168,0.0063285404
-11.8,0.06153514,0.0062758806
-11.7,0.061592355,0.0062440196
-11.6,0.06165138,0.0062379288
-11.5,0.061707675,0.0062645664
-11.4,0.06175304,0.0063308342
-11.3,0.06177396,0.0064399517
-11.2,0.061767645,0.0065713837
-11.1,0.06173123,0.0066966563
-11.0,0.061661407,0.006797096
-10.9,0.061556384,0.006866764
-10.8,0.061431564,0.0069117076
-10.7,0.061310846,0.0069440776
-10.6,0.06121689,0.006972135
-10.5,0.061160173,0.006997979
-10.4,0.06113889,0.0070258267
-10.3,0.06113469,0.0070587574
-10.2,0.061126992,0.0070983144
-10.1,0.06103403,0.007141053
-10.0,0.060933065,0.007170354
-9.9,0.060839824,0.0071751825
-9.8,0.06083183,0.0071519613
-9.7,0.06085013,0.0071137245
-9.6,0.06090372,0.007083961
-9.5,0.06099018,0.007090652
-9.4,0.061104853,0.0071498477
-9.3,0.06122374,0.0072498503
-9.2,0.06131546,0.007327306
-9.1,0.061348,0.0073113553
-9.0,0.061315935,0.0071742595
-8.9,0.061239723,0.006948091
-8.8,0.061144244,0.006693277
-8.7,0.061040033,0.006451852
-8.6,0.06093783,0.0062544104
-8.5,0.060853668,0.0061179786
-8.4,0.060795847,0.0060375147
-8.3,0.060764268,0.00598898
-8.2,0.06075146,0.0059500523
-8.1,0.060751926,0.005923057
-8.0,0.060761202,0.0059143817
-7.9,0.06077857,0.0059248796
-7.8,0.060804844,0.005937022
-7.7,0.060831647,0.0059129903
-7.6,0.06083909,0.005804573
-7.5,0.06081953,0.0055912742
-7.4,0.060783423,0.00531183
-7.3,0.060772788,0.0050400626
-7.2,0.060812484,0.004832402
-7.1,0.06091931,0.004686023
-7.0,0.061092734,0.0045862845
-6.9,0.061339848,0.0045197285
-6.8,0.0616697,0.0044844807
-6.7,0.062072173,0.0044688997
-6.6,0.06252846,0.004468787
-6.5,0.06300975,0.0044911546
-6.4,0.06349208,0.0045359316
-6.3,0.063967064,0.0046033915
-6.2,0.0644459,0.004695633
-6.1,0.064952664,0.0048182937
-6.0,0.06550029,0.0049649677
-5.9,0.06609575,0.0051215044
-5.8,0.06673651,0.0052698483
-5.7,0.06741202,0.005388363
-5.6,0.06810268,0.0054719322
-5.5,0.06879644,0.0055228276
-5.4,0.06950073,0.0055540497
-5.3,0.07022281,0.005571353
-5.2,0.07095666,0.005579647
-5.1,0.07168841,0.005583395
-5.0,0.07240847,0.0055866567
-4.9,0.073131375,0.0055989353
-4.8,0.073883675,0.0056412686
-4.7,0.07469758,0.005732641
-4.6,0.075593375,0.005868028
-4.5,0.07656203,0.0060229795
-4.4,0.07758739,0.006169102
-4.3,0.07865131,0.0062926547
-4.2,0.07974211,0.0063764965
-4.1,0.08083944,0.0064026616
-4.0,0.081917614,0.006362204
-3.9,0.08295087,0.006256009
-3.8,0.08392735,0.0061016413
-3.7,0.08484126,0.0059297835
-3.6,0.08570615,0.0057634218
-3.5,0.086529925,0.005618066
-3.4,0.08732092,0.0054959543
-3.3,0.08808482,0.005404119
-3.2,0.08882216,0.005341981
-3.1,0.089515656,0.0053009093
-3.0,0.0901493,0.0052728234
-2.9,0.09072264,0.0052614366
-2.8,0.09125475,0.0052693505
-2.7,0.091758095,0.0052994424
-2.6,0.092240505,0.005348214
-2.5,0.09271224,0.005404083
-2.4,0.09317952,0.0054586357
-2.3,0.09363391,0.005503883
-2.2,0.094060786,0.0055469573
-2.1,0.094450384,0.005591763
-2.0,0.09480539,0.0056362078
-1.9,0.09513299,0.0056660045
-1.8,0.095447876,0.0056734467
-1.7,0.09576799,0.005664236
-1.6,0.09610023,0.0056555322
-1.5,0.096437275,0.0056567797
-1.4,0.09676432,0.00566041
-1.3,0.09707936,0.005659646
-1.2,0.097378746,0.0056514777
-1.1,0.09764737,0.0056383847
-1.0,0.0978708,0.0056217867
-0.9,0.09804633,0.005608158
-0.8,0.098196305,0.0056030406
-0.7,0.09833927,0.0056008995
-0.6,0.09848648,0.0055868216
-0.5,0.09863556,0.0055496953
-0.4,0.098785505,0.0054863025
-0.3,0.09892852,0.005405815
-0.2,0.09905648,0.0053203236
-0.1,0.09915641,0.005243423
-0.0,0.099224225,0.0051784515
0.1,0.09925688,0.0051277597
0.2,0.099257424,0.0050892015
0.3,0.09923333,0.005055777
0.4,0.09919126,0.0050123767
0.5,0.09912826,0.004955689
0.6,0.099051274,0.0048924102
0.7,0.09898411,0.0048365807
0.8,0.09894856,0.0047987374
0.9,0.0989469,0.0047849794
1.0,0.09896776,0.004801351
1.1,0.09901759,0.0048498446
1.2,0.09910419,0.0049224356
1.3,0.09922249,0.0050120237
1.4,0.09936728,0.0051017627
1.5,0.09953861,0.005179767
1.6,0.09973371,0.005238495
1.7,0.09993413,0.0052906526
1.8,0.10012222,0.005351987
1.9,0.10029113,0.005423279
2.0,0.100425586,0.0054900236
2.1,0.100508004,0.0055456283
2.2,0.10052687,0.005596904
2.3,0.10048455,0.005658697
2.4,0.10038237,0.0057197264
2.5,0.10023842,0.005784296
2.6,0.100074224,0.005849165
2.7,0.099915184,0.0059232414
2.8,0.099758245,0.0059925187
2.9,0.09958554,0.0060512964
3.0,0.099370815,0.0061081992
3.1,0.099106066,0.006173047
3.2,0.09880496,0.0062541417
3.3,0.09850139,0.0063623893
3.4,0.09822241,0.006509249
3.5,0.0979853,0.0066972175
3.6,0.09779117,0.006917568
3.7,0.097631864,0.0071585313
3.8,0.09749094,0.0074216053
3.9,0.09734849,0.0076937457
4.0,0.097188324,0.00795676
4.1,0.09700554,0.008183346
4.2,0.09679797,0.008372877
4.3,0.09657493,0.008533109
4.4,0.096358195,0.008684011
4.5,0.09616867,0.008940724
4.6,0.09600011,0.009466361
4.7,0.095769435,0.009648863
4.8,0.095465876,0.009644611
4.9,0.09509874,0.00934452
5.0,0.09473222,0.009334324
5.1,0.09437028,0.0093628
5.2,0.09402148,0.009365578
5.3,0.093695894,0.009368139
5.4,0.09338434,0.00940272
5.5,0.093064405,0.009490866
5.6,0.092716,0.009628339
5.7,0.09233121,0.009790308
5.8,0.09191033,0.009949586
5.9,0.0914428,0.010088177
6.0,0.09091549,0.0101984115
6.1,0.09032464,0.010283717
6.2,0.08968876,0.010346418
6.3,0.08902982,0.010397743
6.4,0.08834752,0.010447737
6.5,0.08763607,0.010506382
6.6,0.086895555,0.010580527
6.7,0.086135946,0.01066096
6.8,0.08536258,0.010728936
6.9,0.08458167,0.010764457
7.0,0.083801575,0.010763706
7.1,0.08302707,0.010738602
7.2,0.08224897,0.010695898
7.3,0.081456356,0.010640399
7.4,0.08063918,0.010563023
7.5,0.079796575,0.010451311
7.6,0.07893544,0.010306196
7.7,0.07806924,0.010130848
7.8,0.07721447,0.009925969
7.9,0.07637741,0.00968904
8.0,0.07557006,0.009434539
8.1,0.07480541,0.009177754
8.2,0.0740939,0.008928541
8.3,0.07342909,0.008689129
8.4,0.072790556,0.008471724
8.5,0.072156146,0.008290913
8.6,0.07151463,0.0081478935
8.7,0.070864,0.008029308
8.8,0.07020657,0.0079238815
8.9,0.06953981,0.007836895
9.0,0.06885641,0.007784782
9.1,0.06814941,0.0077741924
9.2,0.067420475,0.0077869548
9.3,0.06667275,0.0077523133
9.4,0.065930896,0.0076436144
9.5,0.06521691,0.007470001
9.6,0.06454224,0.0072908998
9.7,0.06389627,0.007114894
9.8,0.06326088,0.0069328444
9.9,0.06260338,0.0067769666
10.0,0.061991442,0.006640187
10.1,0.061460722,0.0065401797
10.2,0.061081134,0.0064608105
10.3,0.060765672,0.0063891583
10.4,0.060485143,0.006307264
10.5,0.060228042,0.0062126513
10.6,0.05998763,0.0061196964
10.7,0.059751794,0.0060441257
10.8,0.059502874,0.0059865583
10.9,0.059228476,0.0059359814
11.0,0.05892817,0.0058772075
11.1,0.058606375,0.0058060642
11.2,0.058280803,0.0057340455
11.3,0.057972055,0.0056788875
11.4,0.057696283,0.0056680813
11.5,0.05746432,0.005722846
11.6,0.057279892,0.0058516394
11.7,0.057137016,0.00601893
11.8,0.057021763,0.006166804
11.9,0.056915257,0.006248796
12.0,0.056810245,0.006264149
12.1,0.05670879,0.0062471405
12.2,0.056623016,0.006245686
12.3,0.056554165,0.0062880185
12.4,0.056496482,0.006370264
12.5,0.056445576,0.0064733247
12.6,0.05640881,0.006583135
12.7,0.056394823,0.006694542
12.8,0.056404307,0.0068041543
12.9,0.056435574,0.006911588
13.0,0.05648975,0.007020893
13.1,0.056568608,0.007129872
13.2,0.056673646,0.007230589
13.3,0.056799654,0.007309851
13.4,0.056948043,0.0073692175
13.5,0.057124645,0.0074123396
13.6,0.05733308,0.0074502667
13.7,0.057570085,0.0074826987
13.8,0.057820532,0.0075068707
13.9,0.058076434,0.007514095
14.0,0.05833596,0.007503212
14.1,0.058611467,0.0074812337
14.2,0.058905337,0.0074580023
14.3,0.059216987,0.007434588
14.4,0.0595328,0.007405938
14.5,0.05985222,0.0073621464
14.6,0.06018274,0.0073006595
14.7,0.060540237,0.0072234045
14.8,0.060933743,0.007138531
14.9,0.061364714,0.0070543187
15.0,0.061826907,0.0069743446
15.1,0.062314335,0.0068984716
15.2,0.06281993,0.00682423
15.3,0.06333769,0.006748158
15.4,0.06385393,0.0066625345
15.5,0.064362735,0.0065631135
15.6,0.06486273,0.0064454866
15.7,0.06536016,0.0063171634
15.8,0.0658551,0.006184038
15.9,0.066347286,0.006050613
16.0,0.066852815,0.0059279148
16.1,0.06738474,0.005851027
16.2,0.06794719,0.0058125784
16.3,0.06852223,0.0057132286
16.4,0.06911086,0.005566904
16.5,0.06972611,0.0054005296
16.6,0.07037414,0.005317899
16.7,0.07103729,0.005271838
16.8,0.071695864,0.005246631
16.9,0.0723549,0.005228216
17.0,0.07303194,0.005221585
17.1,0.07374252,0.00524207
17.2,0.074491814,0.005299724
17.3,0.07527011,0.0053914604
17.4,0.076067604,0.00550947
17.5,0.07687796,0.0056568007
17.6,0.077707015,0.005824305
17.7,0.078552626,0.005999791
17.8,0.079413936,0.0061766542
17.9,0.08029188,0.006358318
18.0,0.081195846,0.0065330076
18.1,0.082119755,0.0066874395
18.2,0.08304483,0.0068107736
18.3,0.08394539,0.0069030044
18.4,0.084808044,0.0069597582
18.5,0.08562874,0.006973894
18.6,0.08641522,0.0069451476
18.7,0.087181546,0.006880039
18.8,0.087932706,0.0067809643
18.9,0.08865531,0.006642305
19.0,0.089338645,0.0064584455
19.1,0.08997429,0.0062458087
19.2,0.09056785,0.0060223006
19.3,0.0911134,0.0058072014
19.4,0.09160861,0.0055997567
19.5,0.09204628,0.005396409
19.6,0.09242219,0.0052073174
19.7,0.09272879,0.0050533684
19.8,0.09295407,0.0049564946
19.9,0.09307467,0.0049084243
20.0,0.09308126,0.004922962
20.1,0.09298307,0.0049741054
20.2,0.09279852,0.0050602024
20.3,0.09253352,0.005144487
20.4,0.09218855,0.0052238856
20.5,0.09175887,0.005296657
20.6,0.091247916,0.005360167
20.7,0.09065769,0.0054111825
20.8,0.08999319,0.0054491283
20.9,0.08926023,0.005471373
21.0,0.088464,0.005480476
21.1,0.087606266,0.0054705786
21.2,0.08668717,0.0054438617
21.3,0.085717194,0.005403869
21.4,0.084718436,0.005358487
21.5,0.08370852,0.0053097983
21.6,0.08269421,0.0052555
21.7,0.08166797,0.0052006207
21.8,0.08061771,0.005154524
21.9,0.079525776,0.0051257135
22.0,0.07838286,0.0051094475
22.1,0.07719734,0.005093675
22.2,0.0759963,0.0050698547
22.3,0.07481141,0.005022184
22.4,0.07366217,0.004941933
22.5,0.07255727,0.004829667
22.6,0.071496576,0.0047004363
22.7,0.07048908,0.0045727273
22.8,0.06955181,0.004463394
22.9,0.068696454,0.0043720626
23.0,0.067930564,0.0042972923
23.1,0.06725489,0.0042210896
23.2,0.06666796,0.0041425093
23.3,0.066156425,0.0040445896
23.4,0.065700956,0.003917128
23.5,0.06528489,0.0037600372
23.6,0.064902015,0.0035974197
23.7,0.06455,0.003456294
23.8,0.06422408,0.003355322
23.9,0.06391392,0.0032816702
24.0,0.063611805,0.0032241188
24.1,0.06331256,0.003170721
24.2,0.063022576,0.003123692
24.3,0.06275147,0.003086594
24.4,0.06251913,0.0030698054
24.5,0.062333886,0.0030778765
24.6,0.062194802,0.00311354
24.7,0.062084097,0.0031729022
24.8,0.061983597,0.003239246
24.9,0.06187498,0.0032979376
25.0,0.061750147,0.003339909
25.1,0.06160237,0.0033684948
25.2,0.061432607,0.003395462
25.3,0.061242063,0.0034282573
25.4,0.061034314,0.0034729368
25.5,0.060812093,0.0035163327
25.6,0.060576327,0.0035493004
25.7,0.060326416,0.003566739
25.8,0.060060065,0.0035730773
25.9,0.059784334,0.003575278
26.0,0.059509188,0.0035784112
26.1,0.05924942,0.0035885295
26.2,0.05901837,0.003610639
26.3,0.058827236,0.003640196
26.4,0.058682375,0.0036762645
26.5,0.05858131,0.0037132145
26.6,0.058526035,0.0037611476
26.7,0.058514614,0.0038262743
26.8,0.05855074,0.003906309
26.9,0.05862687,0.003963208
27.0,0.058745556,0.0039895833
27.1,0.058904447,0.003991778
27.2,0.0591112,0.0039996766
27.3,0.059370104,0.004011266
27.4,0.05968287,0.004024422
27.5,0.060046315,0.0040468965
27.6,0.06044721,0.0040810863
27.7,0.06087715,0.004122407
27.8,0.06132704,0.004158852
27.9,0.061784204,0.0041822568
28.0,0.062232994,0.0041872333
28.1,0.06266322,0.0041810437
28.2,0.0630832,0.0041684792
28.3,0.063499376,0.0041542705
28.4,0.063914,0.0041372273
28.5,0.06431486,0.004124648
28.6,0.0646888,0.0041077957
28.7,0.06501933,0.004067037
28.8,0.0653011,0.0039952584
28.9,0.06553407,0.0039122375
29.0,0.06572323,0.0038519532
29.1,0.06586788,0.003828519
29.2,0.065969646,0.0038422046
29.3,0.066027224,0.0038853677
29.4,0.066051155,0.003970033
29.5,0.06604101,0.0040214597
29.6,0.06600948,0.0039971457
29.7,0.06596131,0.0038727976
29.8,0.06591605,0.0037273015
29.9,0.06588005,0.003605551
30.0,0.065855704,0.0035167905
30.1,0.06583356,0.0034527713
30.2,0.06580712,0.0034118572
30.3,0.065762356,0.0033916452
30.4,0.065703616,0.003388811
30.5,0.06563252,0.003404558
30.6,0.065569095,0.0034358304
30.7,0.06551605,0.0034769175
30.8,0.06547404,0.0035202198
30.9,0.065427944,0.0035572343
31.0,0.065369524,0.0035817013
31.1,0.06529326,0.0035890138
31.2,0.065200895,0.0035775956
31.3,0.06509623,0.0035548338
31.4,0.06497899,0.003536193
31.5,0.06484942,0.0035350383
31.6,0.06470146,0.0035523777
31.7,0.064526886,0.0035866902
31.8,0.06431041,0.0036379904
31.9,0.06403554,0.0037013057
32.0,0.063697465,0.0037651665
32.1,0.06328775,0.0038186803
32.2,0.06282035,0.0038536685
32.3,0.06229852,0.0038708323
32.4,0.061740037,0.0038637503
32.5,0.061147124,0.0038385415
32.6,0.0605318,0.0037933388
32.7,0.059910916,0.0037321674
32.8,0.059305713,0.0036510022
32.9,0.058744796,0.0035518208
33.0,0.058240607,0.0034393019
33.1,0.057802115,0.00332026
33.2,0.057425965,0.0031924837
33.3,0.057121925,0.0030701817
33.4,0.056882355,0.002967271
33.5,0.0567001,0.0029010056
33.6,0.056561746,0.002859626
33.7,0.056462165,0.0028329294
33.8,0.05639316,0.002809633
33.9,0.05634977,0.002803262
34.0,0.056328006,0.0028148333
34.1,0.056332186,0.002839803
34.2,0.056357782,0.002876447
34.3,0.05640396,0.0029233308
34.4,0.056469433,0.002981693
34.5,0.05655168,0.0030501625
34.6,0.056654636,0.0031224142
34.7,0.056766808,0.003199321
34.8,0.05689028,0.0032794653
34.9,0.057015587,0.0033671104
35.0,0.057150137,0.0034589893
35.1,0.057292044,0.0035473646
35.2,0.05744597,0.0036224828
35.3,0.057612296,0.0036906619
35.4,0.057790045,0.0037655074
35.5,0.057979,0.0038608462
35.6,0.058175337,0.003989611
35.7,0.058377586,0.004151395
35.8,0.05857811,0.0043531596
35.9,0.058778007,0.004584549
36.0,0.058976848,0.0048438013
36.1,0.059174135,0.005102264
36.2,0.059357997,0.0053518736
36.3,0.05952613,0.0055669136
36.4,0.059678484,0.0057566706
36.5,0.059815805,0.0059221336
36.6,0.059924774,0.0060694655
36.7,0.05999399,0.0062014754
36.8,0.060007747,0.0063090543
36.9,0.059966147,0.006397951
37.0,0.059871178,0.0064663314
37.1,0.059725896,0.0065098805
37.2,0.059530567,0.0065297997
37.3,0.05928207,0.0065180585
37.4,0.0589871,0.0064815017
37.5,0.058654584,0.006418788
37.6,0.058284275,0.006328891
37.7,0.057879917,0.006217615
37.8,0.057428695,0.0060883835
37.9,0.056929164,0.0059405956
38.0,0.05636861,0.0057786666
38.1,0.05574058,0.005585024
38.2,0.05505383,0.005370949
38.3,0.054327507,0.0051245247
38.4,0.053591,0.0048747323
38.5,0.052865557,0.0046380414
38.6,0.05217073,0.004450142
38.7,0.051520936,0.004332541
38.8,0.050936252,0.0042879805
38.9,0.050424337,0.004315618
39.0,0.04998189,0.0043752408
39.1,0.049588684,0.0044394312
39.2,0.049222242,0.004468078
39.3,0.048868414,0.0044585033
39.4,0.048521455,0.0044143875
39.5,0.04818998,0.0043369513
39.6,0.04789046,0.004246483
39.7,0.047633007,0.00415443
39.8,0.04742733,0.0040847054
39.9,0.04726628,0.004045153
40.0,0.047141768,0.0040280926
40.1,0.04704022,0.0040319366
40.2,0.046955757,0.0040493575
40.3,0.046884265,0.004080139
40.4,0.046824485,0.004120877
40.5,0.046774644,0.0041673533
40.6,0.04673103,0.004219467
40.7,0.0466852,0.0042639626
40.8,0.046630543,0.004294368
40.9,0.0465653,0.004297129
41.0,0.046496186,0.0042818883
41.1,0.046432212,0.004253893
41.2,0.046390314,0.0042264373
41.3,0.046371482,0.0041996003
41.4,0.04637494,0.004169823
41.5,0.04638277,0.004138089
41.6,0.04638942,0.004104177
41.7,0.046390723,0.0040779836
41.8,0.046389256,0.004058173
41.9,0.04638151,0.0040464886
42.0,0.04636261,0.0040364563
42.1,0.046320576,0.0040224856
42.2,0.04625421,0.0040058102
42.3,0.046150163,0.0039792573
42.4,0.046014562,0.003948553
42.5,0.04584502,0.0039043624
42.6,0.045658175,0.0038552326
42.7,0.045464057,0.0037994834
42.8,0.04527741,0.0037469564
42.9,0.04510852,0.0037048485
43.0,0.044961654,0.003674589
43.1,0.0448372,0.0036637464
43.2,0.04472861,0.0036595087
43.3,0.044628702,0.0036660447
43.4,0.044530973,0.003665406
43.5,0.0444336,0.0036659327
43.6,0.04434405,0.003659457
43.7,0.044266976,0.003658306
43.8,0.044212043,0.003659109
43.9,0.04417022,0.0036604847
44.0,0.044135842,0.0036468985
44.1,0.044098638,0.00361835
44.2,0.044059325,0.0035789905
44.3,0.04401983,0.003549615
44.4,0.043983247,0.003535703
44.5,0.043951858,0.0035449236
44.6,0.043927256,0.0035696647
44.7,0.043907907,0.0036086405
44.8,0.043892033,0.0036563212
44.9,0.04388169,0.003711194
45.0,0.043872338,0.00376677
45.1,0.043867927,0.0038150277
45.2,0.043871403,0.003857835
45.3,0.04389074,0.0039000406
45.4,0.0439358,0.003995899
45.5,0.044001553,0.0041774367
45.6,0.044086523,0.004456915
45.7,0.044167683,0.0047591906
45.8,0.044233095,0.0049282704
45.9,0.04427802,0.0049528573
46.0,0.04429718,0.004789865
46.1,0.044299338,0.004597418
46.2,0.044289213,0.004415482
46.3,0.04428601,0.0043170117
46.4,0.044291224,0.0042678607
46.5,0.044301856,0.0042266333
46.6,0.044313382,0.0041987617
46.7,0.044322103,0.00417157
46.8,0.044332158,0.004152849
46.9,0.044349406,0.004139092
47.0,0.044378817,0.0041403174
47.1,0.044426374,0.004155757
47.2,0.044485852,0.0041818116
47.3,0.044559173,0.004222255
47.4,0.04463773,0.004282333
47.5,0.044717498,0.0043655965
47.6,0.044791866,0.004443936
47.7,0.04485086,0.004490083
47.8,0.04488977,0.004476646
47.9,0.04490059,0.004408768
48.0,0.044891074,0.004320597
48.1,0.0448686,0.004237441
48.2,0.044847712,0.004183378
48.3,0.04483557,0.0041506393
48.4,0.04483236,0.004136616
48.5,0.044838663,0.004130248
48.6,0.04484767,0.0041134213
48.7,0.044857197,0.004082947
48.8,0.044863682,0.0040348982
48.9,0.04486767,0.0039769616
49.0,0.0448789,0.0039175004
49.1,0.04490031,0.0038698523
49.2,0.0449367,0.003835109
49.3,0.044979822,0.0038160824
49.4,0.04502828,0.0037986112
49.5,0.045074742,0.0037843457
49.6,0.04512346,0.0037661598
49.7,0.045174234,0.0037520374
49.8,0.0452301,0.0037438432
49.9,0.045292776,0.0037428823
50.0,0.04536134,0.0037519634
50.1,0.045437735,0.0037601627
50.2,0.045522902,0.0037676517
50.3,0.045616373,0.0037653563
50.4,0.045718834,0.0037547646
50.5,0.045827385,0.003734727
50.6,0.04594829,0.0037083572
50.7,0.046085067,0.0036778543
50.8,0.04624097,0.0036428948
50.9,0.046413913,0.00360555
51.0,0.046603117,0.003565754
51.1,0.046803206,0.0035320702
51.2,0.047014944,0.00350364
51.3,0.04723476,0.0034908222
51.4,0.047467306,0.0034819976
51.5,0.04770786,0.0034699673
51.6,0.047959607,0.003451153
51.7,0.048221897,0.003420833
51.8,0.048500184,0.0033961872
51.9,0.0487969,0.00337817
52.0,0.049110208,0.003389199
52.1,0.049438454,0.003422773
52.2,0.049771905,0.0034784025
52.3,0.05010932,0.0035471001
52.4,0.050450996,0.0036249603
52.5,0.0507959,0.0037080594
52.6,0.051147323,0.003787261
52.7,0.051497553,0.0038625076
52.8,0.05184688,0.0039284327
52.9,0.05218653,0.0039900807
53.0,0.05251241,0.004049357
53.1,0.052820027,0.0041022403
53.2,0.053111892,0.0041583204
53.3,0.05338865,0.004205342
53.4,0.053654555,0.0042529735
53.5,0.053913347,0.004297178
53.6,0.05416514,0.0043445337
53.7,0.054415394,0.0043986873
53.8,0.05466885,0.0044546863
53.9,0.054934643,0.004518484
54.0,0.055215973,0.0045853565
54.1,0.055507608,0.0046549495
54.2,0.05581019,0.004726245
54.3,0.05611961,0.004794736
54.4,0.056436226,0.0048610126
54.5,0.05675479,0.0049243905
54.6,0.057075687,0.004981323
54.7,0.05739699,0.0050381096
54.8,0.05771858,0.00508301
54.9,0.058033675,0.0051217135
55.0,0.05834192,0.005146825
55.1,0.058644757,0.0051610875
55.2,0.05894511,0.0051699267
55.3,0.059236534,0.005168876
55.4,0.05952102,0.005165761
55.5,0.059798747,0.005160233
55.6,0.060067363,0.0051512807
55.7,0.06032232,0.0051384154
55.8,0.060561795,0.005121127
55.9,0.0607926,0.0051054507
56.0,0.06101787,0.0050977664
56.1,0.061246477,0.0050953706
56.2,0.061482545,0.005104758
56.3,0.061726894,0.005118121
56.4,0.061978996,0.0051382678
56.5,0.06224137,0.0051584723
56.6,0.06251605,0.0051779337
56.7,0.06280714,0.005193716
56.8,0.0631101,0.0052153985
56.9,0.06341855,0.005235397
57.0,0.063716136,0.005246392
57.1,0.06400469,0.0052397004
57.2,0.0642826,0.0052101966
57.3,0.06455692,0.0051673497
57.4,0.06482264,0.0051145144
57.5,0.06508809,0.0050585773
57.6,0.06535306,0.0050028088
57.7,0.06562781,0.0049419124
57.8,0.065913536,0.0048812637
57.9,0.06621302,0.0048192684
58.0,0.06652913,0.0047557657
58.1,0.06685712,0.004691125
58.2,0.06719597,0.004625312
58.3,0.06754183,0.0045577083
58.4,0.06789924,0.0044890908
58.5,0.06826637,0.004416489
58.6,0.06865051,0.00433571
58.7,0.069044806,0.0042498023
58.8,0.06945684,0.004156789
58.9,0.06987936,0.0040657218
59.0,0.070321426,0.00397712
59.1,0.07077604,0.0038964308
59.2,0.07124794,0.0038269004
59.3,0.071735926,0.0037723153
59.4,0.07224086,0.0037347395
59.5,0.072752014,0.0037174143
59.6,0.07326861,0.0037148078
59.7,0.07379188,0.0037207932
59.8,0.07431802,0.0037338112
59.9,0.07484971,0.003751755
60.0,0.07537612,0.0037809426
60.1,0.07590289,0.0038156626
60.2,0.07642113,0.0038599458
60.3,0.07693869,0.0039028674
60.4,0.077452354,0.0039459877
60.5,0.07796337,0.0039892267
60.6,0.0784729,0.004035369
60.7,0.078981936,0.004086633
60.8,0.079497024,0.004144158
60.9,0.080015875,0.004214933
61.0,0.08054397,0.004288427
61.1,0.08107102,0.004360121
61.2,0.08160448,0.004423449
61.3,0.08213632,0.004485736
61.4,0.08267039,0.004543476
61.5,0.083205566,0.004596398
61.6,0.08374303,0.0046453467
61.7,0.08429108,0.00469344
61.8,0.08484331,0.004745094
61.9,0.0854054,0.004797249
62.0,0.08596984,0.0048504
62.1,0.08654158,0.004906604
62.2,0.08712259,0.0049682185
62.3,0.08770937,0.005039508
62.4,0.088307865,0.0051167547
62.5,0.08891342,0.0052065197
62.6,0.089534424,0.00530416
62.7,0.09017336,0.0054203016
62.8,0.09083047,0.005560676
62.9,0.09151214,0.0057206796
63.0,0.09222377,0.005895588
63.1,0.09297968,0.006082139
63.2,0.093771905,0.0062886435
63.3,0.094600886,0.0065088593
63.4,0.09547439,0.0067373617
63.5,0.09639342,0.0069770445
63.6,0.097351156,0.0072307093
63.7,0.09834005,0.0074886596
63.8,0.09936353,0.0077376636
63.9,0.10041817,0.0079791425
64.0,0.1014907,0.0082137855
64.1,0.1025861,0.008418991
64.2,0.10370199,0.008584458
64.3,0.10483534,0.008714991
64.4,0.105986156,0.008819083
64.5,0.107151,0.008899832
64.6,0.10833628,0.008951561
64.7,0.1095368,0.0089880265
64.8,0.11074976,0.009010615
64.9,0.11197532,0.009006853
65.0,0.11320349,0.008984228
65.1,0.1144399,0.008944029
65.2,0.11567569,0.00889277
65.3,0.116899855,0.008823774
65.4,0.118118435,0.008742713
65.5,0.11932392,0.008657836
65.6,0.12051835,0.008567346
65.7,0.121691056,0.008473846
65.8,0.12284661,0.008384565
65.9,0.12398756,0.00829906
66.0,0.12511104,0.00822048
66.1,0.12620859,0.008148746
66.2,0.1272975,0.008075123
66.3,0.12836741,0.008009553
66.4,0.12942545,0.007945213
66.5,0.13046363,0.007883909
66.6,0.1314906,0.007823738
66.7,0.13250339,0.007769989
66.8,0.13349241,0.0077265175
66.9,0.134445,0.007684266
67.0,0.13538295,0.0076348977
67.1,0.13630867,0.0075910804
67.2,0.13721818,0.007553224
67.3,0.13810526,0.007518598
67.4,0.13897398,0.007489875
67.5,0.13984226,0.0074598975
67.6,0.14070271,0.0074401563
67.7,0.1415508,0.0074355137
67.8,0.14239654,0.007439615
67.9,0.14324626,0.007451394
68.0,0.14409143,0.007465675
68.1,0.14493506,0.007482935
68.2,0.14577518,0.0075036054
68.3,0.1466196,0.0075259204
68.4,0.14746659,0.0075544063
68.5,0.14831321,0.0075863046
68.6,0.1491568,0.007620877
68.7,0.15000339,0.0076600835
68.8,0.15085785,0.0077091143
68.9,0.15172973,0.0077539575
69.0,0.15262076,0.007797223
69.1,0.15352668,0.007839061
69.2,0.15444799,0.007877731
69.3,0.15538037,0.0079178605
69.4,0.15632525,0.007958939
69.5,0.15728971,0.007997122
69.6,0.15827046,0.0080372095
69.7,0.15926309,0.008080302
69.8,0.1602657,0.008123235
69.9,0.16128139,0.008165054
70.0,0.16231327,0.008204908
70.1,0.16335852,0.008244148
70.2,0.16441901,0.008286348
70.3,0.1654896,0.0083299745
70.4,0.16657797,0.008376325
70.5,0.16768295,0.008429909
70.6,0.16880731,0.008487596
70.7,0.16994567,0.008551201
70.8,0.17110094,0.008621226
70.9,0.1722785,0.0086961
71.0,0.17348,0.008780351
71.1,0.17470412,0.008877966
71.2,0.17594728,0.008982312
71.3,0.17720486,0.009091382
71.4,0.17848842,0.009199989
71.5,0.17981032,0.00930407
71.6,0.18115269,0.009408627
71.7,0.18251458,0.009523146
71.8,0.18389392,0.009643116
71.9,0.18529111,0.009756868
72.0,0.18670544,0.009865259
72.1,0.18813537,0.009967806
72.2,0.18958314,0.010055775
72.3,0.19104278,0.010144529
72.4,0.19251697,0.010236565
72.5,0.19400337,0.0103237815
72.6,0.19550109,0.010409623
72.7,0.19701037,0.01049718
72.8,0.1985415,0.010576882
72.9,0.20008616,0.010658238
73.0,0.20165375,0.010749605
73.1,0.20325755,0.010835681
73.2,0.20487992,0.010921156
73.3,0.2065167,0.010999459
73.4,0.20817618,0.0110712685
73.5,0.20984925,0.011144968
73.6,0.211545,0.011229645
73.7,0.21317525,0.011206168
73.8,0.21465458,0.010964092
73.9,0.21600963,0.010559233
74.0,0.21731147,0.010083475
74.1,0.21866184,0.009638351
74.2,0.2200349,0.009241986
74.3,0.22142552,0.0088697355
74.4,0.22285971,0.008462748
74.5,0.22425151,0.008004141
74.6,0.22563793,0.007567821
74.7,0.2270184,0.007197257
74.8,0.22844131,0.0068605603
74.9,0.22988522,0.006558731
75.0,0.23134921,0.0062577417
75.1,0.2328581,0.0059210835
75.2,0.23442928,0.0055774534
75.3,0.23612438,0.005288109
75.4,0.23767628,0.005039965
75.5,0.23909572,0.004630366
75.6,0.2411907,0.004447359
75.7,nan,nan
75.8,nan,nan
75.9,nan,nan
76.0,nan,nan
76.1,nan,nan
76.2,nan,nan
76.3,nan,nan
76.4,nan,nan
76.5,nan,nan
76.6,nan,nan
76.7,nan,nan
76.8,nan,nan
76.9,nan,nan
77.0,nan,nan
77.1,nan,nan
77.2,nan,nan
77.3,nan,nan
77.4,nan,nan
77.5,nan,nan
77.6,nan,nan
77.7,nan,nan
77.8,nan,nan
77.9,nan,nan
78.0,nan,nan
78.1,nan,nan
78.2,nan,nan
78.3,nan,nan
78.4,nan,nan
78.5,nan,nan
78.6,nan,nan
78.7,nan,nan
78.8,nan,nan
78.9,nan,nan
79.0,nan,nan
79.1,nan,nan
79.2,nan,nan
79.3,nan,nan
79.4,nan,nan
79.5,nan,nan
79.6,nan,nan
79.7,nan,nan
79.8,nan,nan
79.9,nan,nan
80.0,nan,nan
80.1,nan,nan
80.2,nan,nan
80.3,nan,nan
80.4,nan,nan
80.5,nan,nan
80.6,nan,nan
80.7,nan,nan
80.8,nan,nan
80.9,nan,nan
81.0,nan,nan
81.1,nan,nan
81.2,nan,nan
81.3,nan,nan
81.4,nan,nan
81.5,nan,nan
81.6,nan,nan
81.7,nan,nan
81.8,nan,nan
81.9,nan,nan
82.0,nan,nan
82.1,nan,nan
82.2,nan,nan
82.3,nan,nan
82.4,nan,nan
82.5,nan,nan
82.6,nan,nan
82.7,nan,nan
82.8,nan,nan
82.9,nan,nan
83.0,nan,nan
83.1,nan,nan
83.2,nan,nan
83.3,nan,nan
83.4,nan,nan
83.5,nan,nan
83.6,nan,nan
83.7,nan,nan
83.8,nan,nan
83.9,nan,nan
84.0,nan,nan
84.1,nan,nan
84.2,nan,nan
84.3,nan,nan
84.4,nan,nan
84.5,nan,nan
84.6,nan,nan
84.7,nan,nan
84.8,nan,nan
84.9,nan,nan
85.0,nan,nan
85.1,nan,nan
85.2,nan,nan
85.3,nan,nan
85.4,nan,nan
85.5,nan,nan
85.6,nan,nan
85.7,nan,nan
85.8,nan,nan
85.9,nan,nan
86.0,nan,nan
86.1,nan,nan
86.2,nan,nan
86.3,nan,nan
86.4,nan,nan
86.5,nan,nan
86.6,nan,nan
86.7,nan,nan
86.8,nan,nan
86.9,nan,nan
87.0,nan,nan
87.1,nan,nan
87.2,nan,nan
87.3,nan,nan
87.4,nan,nan
87.5,nan,nan
87.6,nan,nan
87.7,nan,nan
87.8,nan,nan
87.9,nan,nan
88.0,nan,nan
88.1,nan,nan
88.2,nan,nan
88.3,nan,nan
88.4,nan,nan
88.5,nan,nan
88.6,nan,nan
88.7,nan,nan
88.8,nan,nan
88.9,nan,nan
89.0,nan,nan
89.1,nan,nan
89.2,nan,nan
89.3,nan,nan
89.4,nan,nan
89.5,nan,nan
89.6,nan,nan
89.7,nan,nan
89.8,nan,nan
89.9,nan,nan
90.0,nan,nan
