PC_Latitude,I/F,Error
-90.0,nan,nan
-89.9,nan,nan
-89.8,nan,nan
-89.7,nan,nan
-89.6,nan,nan
-89.5,nan,nan
-89.4,nan,nan
-89.3,nan,nan
-89.2,nan,nan
-89.1,nan,nan
-89.0,nan,nan
-88.9,nan,nan
-88.8,nan,nan
-88.7,nan,nan
-88.6,nan,nan
-88.5,nan,nan
-88.4,nan,nan
-88.3,nan,nan
-88.2,nan,nan
-88.1,nan,nan
-88.0,nan,nan
-87.9,nan,nan
-87.8,nan,nan
-87.7,nan,nan
-87.6,nan,nan
-87.5,nan,nan
-87.4,nan,nan
-87.3,nan,nan
-87.2,nan,nan
-87.1,nan,nan
-87.0,nan,nan
-86.9,nan,nan
-86.8,nan,nan
-86.7,nan,nan
-86.6,nan,nan
-86.5,nan,nan
-86.4,nan,nan
-86.3,nan,nan
-86.2,nan,nan
-86.1,nan,nan
-86.0,nan,nan
-85.9,nan,nan
-85.8,nan,nan
-85.7,nan,nan
-85.6,nan,nan
-85.5,nan,nan
-85.4,nan,nan
-85.3,nan,nan
-85.2,nan,nan
-85.1,nan,nan
-85.0,nan,nan
-84.9,nan,nan
-84.8,nan,nan
-84.7,nan,nan
-84.6,nan,nan
-84.5,nan,nan
-84.4,nan,nan
-84.3,nan,nan
-84.2,nan,nan
-84.1,nan,nan
-84.0,nan,nan
-83.9,nan,nan
-83.8,nan,nan
-83.7,nan,nan
-83.6,nan,nan
-83.5,nan,nan
-83.4,nan,nan
-83.3,nan,nan
-83.2,nan,nan
-83.1,nan,nan
-83.0,nan,nan
-82.9,nan,nan
-82.8,nan,nan
-82.7,nan,nan
-82.6,nan,nan
-82.5,nan,nan
-82.4,nan,nan
-82.3,nan,nan
-82.2,nan,nan
-82.1,nan,nan
-82.0,nan,nan
-81.9,nan,nan
-81.8,nan,nan
-81.7,nan,nan
-81.6,nan,nan
-81.5,nan,nan
-81.4,nan,nan
-81.3,nan,nan
-81.2,nan,nan
-81.1,0.34453872,0.005750317
-81.0,0.3426786,0.006767768
-80.9,0.34117943,0.0076719853
-80.8,0.33876583,0.0087243
-80.7,0.33660203,0.009797402
-80.6,0.3345006,0.010755409
-80.5,0.33273566,0.011664447
-80.4,0.33107758,0.012513842
-80.3,0.32956612,0.0134179555
-80.2,0.32809514,0.014252858
-80.1,0.3266554,0.015112239
-80.0,0.32503164,0.015754933
-79.9,0.32311928,0.01605637
-79.8,0.320916,0.01603842
-79.7,0.31860983,0.015885511
-79.6,0.31634644,0.01575197
-79.5,0.31419128,0.015618575
-79.4,0.3121026,0.015522791
-79.3,0.3100394,0.015445971
-79.2,0.30802104,0.015359771
-79.1,0.30602783,0.0152873015
-79.0,0.30406523,0.015216611
-78.9,0.30214268,0.015120498
-78.8,0.30025983,0.015032894
-78.7,0.2984053,0.0149604995
-78.6,0.29657534,0.014890738
-78.5,0.29478058,0.014817244
-78.4,0.2929918,0.014759556
-78.3,0.29116353,0.014725548
-78.2,0.2893056,0.01467191
-78.1,0.28742054,0.0146167455
-78.0,0.2855369,0.0145578915
-77.9,0.28368384,0.014499475
-77.8,0.28183147,0.014464607
-77.7,0.27994394,0.014456285
-77.6,0.27802488,0.014449585
-77.5,0.27608448,0.014448064
-77.4,0.27416065,0.014444007
-77.3,0.27226192,0.01442113
-77.2,0.2703872,0.014402936
-77.1,0.26852766,0.014390385
-77.0,0.26669014,0.014379178
-76.9,0.2648731,0.014381207
-76.8,0.26308122,0.014398886
-76.7,0.26130876,0.014417942
-76.6,0.25954372,0.014451601
-76.5,0.25777575,0.014477621
-76.4,0.2560093,0.014493984
-76.3,0.25427175,0.014506027
-76.2,0.25255692,0.01452469
-76.1,0.25086173,0.01453895
-76.0,0.24918759,0.014533809
-75.9,0.24752922,0.014513616
-75.8,0.24588461,0.014475866
-75.7,0.24425927,0.014431081
-75.6,0.24267492,0.0143757565
-75.5,0.24112864,0.014281098
-75.4,0.23961037,0.014150421
-75.3,0.2381053,0.0140030505
-75.2,0.23660555,0.013846873
-75.1,0.23510973,0.013698855
-75.0,0.23360707,0.013550686
-74.9,0.23210701,0.013402018
-74.8,0.23061022,0.013268346
-74.7,0.22912958,0.013142527
-74.6,0.2276673,0.0130149955
-74.5,0.22621442,0.012904021
-74.4,0.22478178,0.012808281
-74.3,0.22335812,0.012717254
-74.2,0.22195452,0.012633919
-74.1,0.2205774,0.012549392
-74.0,0.21921986,0.012464352
-73.9,0.21788171,0.012380246
-73.8,0.21655253,0.012292214
-73.7,0.21523307,0.012206539
-73.6,0.21394293,0.01212225
-73.5,0.21268417,0.012043128
-73.4,0.21145734,0.011977859
-73.3,0.21024947,0.011929359
-73.2,0.20906703,0.011885242
-73.1,0.20789498,0.01184014
-73.0,0.20674597,0.011802204
-72.9,0.20561227,0.011754235
-72.8,0.20447877,0.011729682
-72.7,0.20333594,0.011702081
-72.6,0.20216617,0.011662398
-72.5,0.20096919,0.011599168
-72.4,0.19976074,0.011506251
-72.3,0.19854133,0.011411424
-72.2,0.19729836,0.011294273
-72.1,0.1960303,0.011135665
-72.0,0.19474025,0.010943289
-71.9,0.19344509,0.010741672
-71.8,0.1921425,0.010522683
-71.7,0.19081673,0.010304709
-71.6,0.18948841,0.010072957
-71.5,0.18815541,0.009845659
-71.4,0.18681672,0.009605344
-71.3,0.18547739,0.009345861
-71.2,0.18413559,0.009079716
-71.1,0.18279983,0.008819372
-71.0,0.1814576,0.008536475
-70.9,0.18008488,0.008234542
-70.8,0.17870043,0.007901475
-70.7,0.17730616,0.0075686336
-70.6,0.17591496,0.0072379895
-70.5,0.17453691,0.0069066836
-70.4,0.17316093,0.006592876
-70.3,0.17180453,0.006315265
-70.2,0.17046851,0.00606724
-70.1,0.16915296,0.0058565605
-70.0,0.16786233,0.0056816046
-69.9,0.16657448,0.0055520753
-69.8,0.16530685,0.005466594
-69.7,0.1640608,0.0054225144
-69.6,0.16282699,0.0054194145
-69.5,0.16160366,0.005442089
-69.4,0.16038632,0.0054760063
-69.3,0.15917899,0.0055238064
-69.2,0.15798552,0.0055910186
-69.1,0.15679185,0.005660406
-69.0,0.15559576,0.0057287384
-68.9,0.15438445,0.00578535
-68.8,0.15316214,0.005841996
-68.7,0.15195207,0.005879702
-68.6,0.15073535,0.0058918213
-68.5,0.14952402,0.0058869114
-68.4,0.14829929,0.005870889
-68.3,0.14706889,0.0058444603
-68.2,0.14583386,0.00579276
-68.1,0.1445951,0.0057257875
-68.0,0.14337197,0.005659437
-67.9,0.14214616,0.0055850525
-67.8,0.1409298,0.0055182916
-67.7,0.13971688,0.0054669105
-67.6,0.138512,0.005431338
-67.5,0.1373243,0.005401733
-67.4,0.1361478,0.0053807856
-67.3,0.134995,0.0053841425
-67.2,0.13384323,0.005397991
-67.1,0.13270423,0.0054300125
-67.0,0.13158086,0.0054745018
-66.9,0.13049215,0.0055350284
-66.8,0.12944162,0.0056157615
-66.7,0.12840858,0.0057235677
-66.6,0.12740052,0.0058504087
-66.5,0.12639327,0.006016173
-66.4,0.12539907,0.006216115
-66.3,0.124394916,0.006448744
-66.2,0.12337562,0.006697975
-66.1,0.12233208,0.006955246
-66.0,0.12126138,0.0072176713
-65.9,0.12016993,0.0074856225
-65.8,0.11903517,0.0077766473
-65.7,0.11787028,0.008080906
-65.6,0.11664145,0.008409373
-65.5,0.115356594,0.00874302
-65.4,0.11400441,0.009076323
-65.3,0.11259386,0.009414727
-65.2,0.11111904,0.00974967
-65.1,0.10957939,0.010071715
-65.0,0.10798045,0.010380514
-64.9,0.10630616,0.01067932
-64.8,0.104560725,0.010939168
-64.7,0.102736145,0.011170574
-64.6,0.1008331,0.0113647105
-64.5,0.098844215,0.011505948
-64.4,0.09679336,0.0115884235
-64.3,0.094703175,0.011628482
-64.2,0.09258328,0.011628017
-64.1,0.09044938,0.011590517
-64.0,0.08833689,0.011510251
-63.9,0.086252764,0.011378371
-63.8,0.08420775,0.011202741
-63.7,0.08223669,0.010970208
-63.6,0.080345586,0.010680347
-63.5,0.078540996,0.010334843
-63.4,0.07682663,0.00993912
-63.3,0.07521754,0.009505306
-63.2,0.073704295,0.009050941
-63.1,0.072270386,0.0085693505
-63.0,0.07089972,0.008073889
-62.9,0.06959869,0.0075655207
-62.8,0.06835695,0.0070498646
-62.7,0.06717491,0.0065406156
-62.6,0.06604539,0.0060479287
-62.5,0.06497231,0.005568811
-62.4,0.063951194,0.00512859
-62.3,0.06299504,0.0047274865
-62.2,0.062102407,0.004367159
-62.1,0.06127697,0.004054315
-62.0,0.060512718,0.0037968408
-61.9,0.059809733,0.0035973755
-61.8,0.05915726,0.0034501818
-61.7,0.058558863,0.0033554025
-61.6,0.057992868,0.0032989618
-61.5,0.057460535,0.0032669252
-61.4,0.056956448,0.003256363
-61.3,0.056478955,0.0032530173
-61.2,0.056025244,0.0032582043
-61.1,0.055603128,0.003265392
-61.0,0.05520358,0.0032754145
-60.9,0.05482601,0.0032846231
-60.8,0.054451793,0.003294998
-60.7,0.05408449,0.0033119337
-60.6,0.053718068,0.0033417589
-60.5,0.053355705,0.0033900465
-60.4,0.052997414,0.0034567758
-60.3,0.05264878,0.0035378316
-60.2,0.052308097,0.0036303014
-60.1,0.051972557,0.0037339218
-60.0,0.05164905,0.0038330117
-59.9,0.05133953,0.003921587
-59.8,0.051046733,0.0039876658
-59.7,0.05076514,0.0040243696
-59.6,0.050501823,0.00402919
-59.5,0.050248608,0.003998651
-59.4,0.050006054,0.003949493
-59.3,0.049762838,0.003892509
-59.2,0.049530067,0.0038359552
-59.1,0.049307168,0.0037890824
-59.0,0.049094595,0.0037530726
-58.9,0.048895057,0.0037317558
-58.8,0.048708264,0.0037266545
-58.7,0.04854627,0.0037378347
-58.6,0.048412856,0.0037808234
-58.5,0.048320252,0.0038593204
-58.4,0.048283227,0.003974434
-58.3,0.04829785,0.004118586
-58.2,0.048376866,0.0042782696
-58.1,0.04850796,0.004438495
-58.0,0.04868505,0.0045827734
-57.9,0.048893783,0.004704682
-57.8,0.049120758,0.004803075
-57.7,0.049358204,0.004880947
-57.6,0.049584303,0.0049213427
-57.5,0.049794093,0.0049311332
-57.4,0.049963664,0.0048903693
-57.3,0.050098963,0.004811314
-57.2,0.050178617,0.0046913843
-57.1,0.05021773,0.0045372364
-57.0,0.050209273,0.0043659946
-56.9,0.050170157,0.0041707926
-56.8,0.050114736,0.0039722095
-56.7,0.050045304,0.0037696564
-56.6,0.04997148,0.0035708575
-56.5,0.049889766,0.0033769265
-56.4,0.049812328,0.0031880217
-56.3,0.049744792,0.0030191701
-56.2,0.04969565,0.0028671895
-56.1,0.049663384,0.0027448132
-56.0,0.04964686,0.0026502688
-55.9,0.049645733,0.0025899254
-55.8,0.049655117,0.0025498532
-55.7,0.04966994,0.0025291746
-55.6,0.049675137,0.002517083
-55.5,0.049667593,0.0025137882
-55.4,0.04963954,0.0025086491
-55.3,0.049596746,0.0025051176
-55.2,0.049539957,0.0024939836
-55.1,0.04947919,0.002482477
-55.0,0.049414992,0.002468031
-54.9,0.049348876,0.0024673883
-54.8,0.049273133,0.0024726158
-54.7,0.049190525,0.0024785679
-54.6,0.049104072,0.0024752843
-54.5,0.049018223,0.0024634053
-54.4,0.048931807,0.0024551088
-54.3,0.04884937,0.0024491842
-54.2,0.048774388,0.0024497197
-54.1,0.04870845,0.0024531528
-54.0,0.048652697,0.0024536087
-53.9,0.048607133,0.0024525472
-53.8,0.048576437,0.0024507549
-53.7,0.048563708,0.0024624316
-53.6,0.04856936,0.0024911275
-53.5,0.04859509,0.0025358635
-53.4,0.048630774,0.0025945955
-53.3,0.048671935,0.0026710993
-53.2,0.04872118,0.002771251
-53.1,0.04878303,0.0028896215
-53.0,0.048858464,0.0030101931
-52.9,0.048946965,0.0031172328
-52.8,0.049041864,0.0031865088
-52.7,0.04913994,0.0032135947
-52.6,0.049223926,0.0031938418
-52.5,0.049287368,0.0031446281
-52.4,0.049325734,0.0030780358
-52.3,0.04932939,0.003000068
-52.2,0.04930392,0.00291557
-52.1,0.049247153,0.0028189376
-52.0,0.049170922,0.0027174065
-51.9,0.04907531,0.0026237783
-51.8,0.048956607,0.002541838
-51.7,0.04881669,0.0024846676
-51.6,0.048647724,0.0024432787
-51.5,0.04846444,0.0024300246
-51.4,0.04826322,0.0024328053
-51.3,0.048059996,0.002457064
-51.2,0.0478618,0.0024857468
-51.1,0.047684647,0.0025235529
-51.0,0.047542457,0.0025623322
-50.9,0.047444135,0.0026237024
-50.8,0.04740077,0.0027188675
-50.7,0.047410928,0.0028407818
-50.6,0.0474808,0.0029775966
-50.5,0.047604132,0.0031033983
-50.4,0.047770955,0.0032091413
-50.3,0.047959443,0.0032851475
-50.2,0.048150733,0.0033257562
-50.1,0.048331548,0.0033357763
-50.0,0.048488505,0.0033159775
-49.9,0.048623107,0.003281426
-49.8,0.048739806,0.0032413113
-49.7,0.048835147,0.003204469
-49.6,0.048914384,0.0031821553
-49.5,0.04897627,0.003170272
-49.4,0.04904722,0.003168418
-49.3,0.049129345,0.0031555863
-49.2,0.049236707,0.0031484272
-49.1,0.04936561,0.003152556
-49.0,0.04951635,0.0032045422
-48.9,0.049672443,0.0032827386
-48.8,0.049826205,0.0033511606
-48.7,0.049961466,0.0033597038
-48.6,0.050066434,0.003310633
-48.5,0.050132666,0.0032405842
-48.4,0.050162543,0.00317334
-48.3,0.050165117,0.0031192927
-48.2,0.05013986,0.0030740877
-48.1,0.05008027,0.003043039
-48.0,0.049992524,0.0030348268
-47.9,0.04987334,0.003037996
-47.8,0.049734235,0.0030552053
-47.7,0.04957162,0.0030683884
-47.6,0.04938991,0.003085612
-47.5,0.049198527,0.0031048206
-47.4,0.049004856,0.0031400581
-47.3,0.048813175,0.0031833607
-47.2,0.048621323,0.0032342947
-47.1,0.048420615,0.003275326
-47.0,0.048210226,0.0033077737
-46.9,0.047987346,0.0033307024
-46.8,0.04776542,0.0033579927
-46.7,0.047549956,0.0034025246
-46.6,0.047347885,0.0034681584
-46.5,0.047151327,0.0035356048
-46.4,0.046961144,0.003589772
-46.3,0.04676631,0.003617344
-46.2,0.04656289,0.003632675
-46.1,0.04634591,0.0036415616
-46.0,0.046115845,0.0036484608
-45.9,0.045883488,0.0036462073
-45.8,0.04564861,0.003626466
-45.7,0.045422625,0.0035988225
-45.6,0.04520849,0.0035706887
-45.5,0.045015614,0.0035605542
-45.4,0.044852793,0.0035672828
-45.3,0.04472399,0.0036008041
-45.2,0.04463902,0.003658566
-45.1,0.044595283,0.0037423065
-45.0,0.044582635,0.0038281425
-44.9,0.044589814,0.0039038856
-44.8,0.044610552,0.0039492976
-44.7,0.044653066,0.0039653447
-44.6,0.04472399,0.00395384
-44.5,0.044817846,0.0039283256
-44.4,0.044921715,0.0039106575
-44.3,0.04501014,0.0039094356
-44.2,0.045078117,0.003930458
-44.1,0.04510605,0.0039504273
-44.0,0.045107264,0.003963539
-43.9,0.04507571,0.003959516
-43.8,0.04502642,0.003948633
-43.7,0.044956427,0.0039153537
-43.6,0.044861425,0.00383739
-43.5,0.044739135,0.0036882807
-43.4,0.044581145,0.0034701864
-43.3,0.044408247,0.003213966
-43.2,0.044235237,0.002955759
-43.1,0.044093333,0.0027431431
-43.0,0.043993637,0.0025952174
-42.9,0.04395636,0.0025196208
-42.8,0.04398051,0.0024941661
-42.7,0.044070292,0.0025013098
-42.6,0.044219937,0.0025361013
-42.5,0.044431794,0.0025989048
-42.4,0.04469499,0.002700605
-42.3,0.044997938,0.0028434275
-42.2,0.04532211,0.00303307
-42.1,0.04566322,0.003280768
-42.0,0.04600805,0.003599576
-41.9,0.046341594,0.00398432
-41.8,0.046633784,0.004401658
-41.7,0.046844475,0.0047805286
-41.6,0.046956804,0.00507437
-41.5,0.046948027,0.0052218563
-41.4,0.04683589,0.00522375
-41.3,0.046627786,0.0050695967
-41.2,0.04637387,0.0048095747
-41.1,0.04611848,0.0044870274
-41.0,0.04591127,0.0041855285
-40.9,0.045775797,0.003954147
-40.8,0.0457226,0.0038212992
-40.7,0.045744415,0.0037703048
-40.6,0.04582648,0.0037850682
-40.5,0.04595548,0.0038437375
-40.4,0.04611938,0.0039323983
-40.3,0.046322573,0.0040412135
-40.2,0.04656241,0.0041657393
-40.1,0.046842918,0.004292163
-40.0,0.047164395,0.0044101486
-39.9,0.04752709,0.0045061433
-39.8,0.04793206,0.0045813457
-39.7,0.048370592,0.0046402677
-39.6,0.048835922,0.004691275
-39.5,0.049312707,0.0047344994
-39.4,0.049777232,0.004772737
-39.3,0.05021266,0.0048101577
-39.2,0.050603133,0.004851422
-39.1,0.050960258,0.0049088397
-39.0,0.0512945,0.0049853283
-38.9,0.0516195,0.005089376
-38.8,0.051939733,0.0052043465
-38.7,0.052266497,0.0053201504
-38.6,0.052605264,0.0054163286
-38.5,0.052955605,0.0054870825
-38.4,0.053298697,0.0055289236
-38.3,0.053620704,0.005541367
-38.2,0.0539199,0.005519004
-38.1,0.05419773,0.0054525407
-38.0,0.05445626,0.005346252
-37.9,0.05469111,0.0052205385
-37.8,0.05490073,0.005098463
-37.7,0.05509174,0.004982543
-37.6,0.055262826,0.004861956
-37.5,0.055412833,0.004730496
-37.4,0.05553207,0.0045833006
-37.3,0.055614594,0.0044351663
-37.2,0.055665012,0.0042967317
-37.1,0.055698227,0.004203299
-37.0,0.05573496,0.00416668
-36.9,0.05578801,0.0041904063
-36.8,0.05585849,0.004260358
-36.7,0.055932663,0.0043573217
-36.6,0.0559907,0.0044703973
-36.5,0.056007467,0.004578492
-36.4,0.055979144,0.004673952
-36.3,0.055905268,0.0047516087
-36.2,0.055796597,0.004815464
-36.1,0.055644587,0.0048659877
-36.0,0.055448446,0.0048945593
-35.9,0.055212032,0.0049065906
-35.8,0.05495311,0.004918254
-35.7,0.0546926,0.0049520484
-35.6,0.054443385,0.005007618
-35.5,0.054195154,0.0050628856
-35.4,0.05393004,0.005105541
-35.3,0.053640567,0.0051312284
-35.2,0.053346593,0.0051517757
-35.1,0.053074393,0.005176525
-35.0,0.05284561,0.005203455
-34.9,0.05265574,0.0052153305
-34.8,0.052488264,0.0051934943
-34.7,0.05232513,0.005135682
-34.6,0.05216978,0.0050624423
-34.5,0.05202903,0.004991471
-34.4,0.051911395,0.0049375314
-34.3,0.05181175,0.0049068662
-34.2,0.051723186,0.004897312
-34.1,0.05164234,0.0048996974
-34.0,0.05156666,0.0049099876
-33.9,0.051495533,0.004927418
-33.8,0.051419612,0.004956911
-33.7,0.05134108,0.0049920906
-33.6,0.051268104,0.005033201
-33.5,0.05121916,0.005082488
-33.4,0.051201697,0.005138083
-33.3,0.05122621,0.0051920437
-33.2,0.05129872,0.005241029
-33.1,0.051424347,0.0052824994
-33.0,0.05159811,0.0053168274
-32.9,0.05181125,0.0053436016
-32.8,0.052069034,0.005389949
-32.7,0.05236432,0.0054709013
-32.6,0.0526871,0.005596835
-32.5,0.053013057,0.0057507437
-32.4,0.053329177,0.00592716
-32.3,0.053638663,0.0061277673
-32.2,0.05394298,0.006337825
-32.1,0.054261167,0.0065430044
-32.0,0.054616597,0.0067142965
-31.9,0.055024765,0.0068429126
-31.8,0.055477645,0.0069135167
-31.7,0.05592265,0.0069155395
-31.6,0.05635043,0.006855856
-31.5,0.056763094,0.0067469175
-31.4,0.057187304,0.0065973205
-31.3,0.057625405,0.006393892
-31.2,0.058072623,0.006144245
-31.1,0.058526613,0.0058656516
-31.0,0.05899124,0.0056074453
-30.9,0.059481397,0.005395207
-30.8,0.06001241,0.005254827
-30.7,0.060590684,0.0051718545
-30.6,0.06121346,0.0051186504
-30.5,0.06186267,0.0050576357
-30.4,0.06250301,0.0049725245
-30.3,0.063088045,0.004865392
-30.2,0.063571975,0.0047457595
-30.1,0.06393803,0.0046405806
-30.0,0.06417908,0.0045739007
-29.9,0.064380005,0.0045585395
-29.8,0.064494245,0.0046094633
-29.7,0.06454764,0.0047328365
-29.6,0.064482525,0.0049287514
-29.5,0.06438841,0.0051487465
-29.4,0.06427529,0.0053475434
-29.3,0.06414929,0.0055097435
-29.2,0.06399366,0.0056222575
-29.1,0.06378935,0.0056738113
-29.0,0.063524924,0.0056545553
-28.9,0.06320686,0.0055776457
-28.8,0.06284084,0.0054766666
-28.7,0.062449425,0.005359339
-28.6,0.06205237,0.0052110795
-28.5,0.061683174,0.005018896
-28.4,0.061360124,0.0047804965
-28.3,0.061095312,0.004524245
-28.2,0.060904443,0.004288084
-28.1,0.06079306,0.0041186386
-28.0,0.060748816,0.004033783
-27.9,0.060734756,0.0040169125
-27.8,0.060709465,0.0040464173
-27.7,0.06065205,0.0040957867
-27.6,0.060545024,0.004133705
-27.5,0.060392987,0.0041270265
-27.4,0.06019833,0.0040657124
-27.3,0.060006537,0.003975146
-27.2,0.05983924,0.0038939395
-27.1,0.05972925,0.0038484905
-27.0,0.0596729,0.0038343207
-26.9,0.05967333,0.0038440607
-26.8,0.059711926,0.0038750195
-26.7,0.05977166,0.0039348314
-26.6,0.059840634,0.004020244
-26.5,0.059917275,0.0041119093
-26.4,0.059992224,0.004183597
-26.3,0.060055386,0.0042112544
-26.2,0.06010303,0.004191878
-26.1,0.060147293,0.0041393396
-26.0,0.06022091,0.004076861
-25.9,0.060327016,0.0040168935
-25.8,0.060455598,0.003954675
-25.7,0.060567424,0.003876437
-25.6,0.06065772,0.0037889034
-25.5,0.060749713,0.0037003641
-25.4,0.06088767,0.0036361755
-25.3,0.06108832,0.0036003308
-25.2,0.061326046,0.0035980658
-25.1,0.061556913,0.003613055
-25.0,0.0617547,0.003633328
-24.9,0.061915927,0.003652769
-24.8,0.062049545,0.003657171
-24.7,0.0621478,0.003655001
-24.6,0.062211487,0.003632971
-24.5,0.062244195,0.003611604
-24.4,0.062263694,0.003602126
-24.3,0.0622914,0.0036292383
-24.2,0.06234751,0.0036916488
-24.1,0.062451515,0.003778206
-24.0,0.062601335,0.0038678425
-23.9,0.06278278,0.0039437134
-23.8,0.06298753,0.0039842427
-23.7,0.06322893,0.0039914083
-23.6,0.06352672,0.0039794175
-23.5,0.063897185,0.0039829747
-23.4,0.064329855,0.0040172054
-23.3,0.06479311,0.0040774364
-23.2,0.06523707,0.004133653
-23.1,0.065628305,0.0041768705
-23.0,0.06595996,0.004204567
-22.9,0.06625603,0.004226379
-22.8,0.06654511,0.004258925
-22.7,0.0668406,0.0043063783
-22.6,0.067131296,0.004363073
-22.5,0.06738672,0.0043927203
-22.4,0.0676035,0.0043929415
-22.3,0.06777974,0.004381532
-22.2,0.06793991,0.004413767
-22.1,0.06807359,0.0045295404
-22.0,0.06817546,0.00471767
-21.9,0.06823527,0.004943322
-21.8,0.06826936,0.005140016
-21.7,0.06831555,0.005283157
-21.6,0.06840808,0.0053575616
-21.5,0.06859032,0.0053827628
-21.4,0.06885969,0.0053830417
-21.3,0.069195665,0.0053836834
-21.2,0.0695541,0.005416151
-21.1,0.06990386,0.0054876045
-21.0,0.070220694,0.005596844
-20.9,0.07049636,0.005726623
-20.8,0.070723385,0.00586049
-20.7,0.070905425,0.0059892987
-20.6,0.07104803,0.0061053317
-20.5,0.0711737,0.0062126135
-20.4,0.07130419,0.006308194
-20.3,0.07145448,0.006383433
-20.2,0.07164314,0.00642873
-20.1,0.071867585,0.0064544887
-20.0,0.072119705,0.006480952
-19.9,0.07236773,0.0065239873
-19.8,0.07259564,0.006585709
-19.7,0.07280296,0.006678491
-19.6,0.07302831,0.006827206
-19.5,0.07331208,0.0070524737
-19.4,0.07367663,0.007336861
-19.3,0.074086145,0.007626164
-19.2,0.07447434,0.0078580845
-19.1,0.074771956,0.008021477
-19.0,0.07496454,0.008126728
-18.9,0.07509053,0.008182739
-18.8,0.07519404,0.008184984
-18.7,0.07528706,0.008142057
-18.6,0.07534659,0.008070276
-18.5,0.075331785,0.007977215
-18.4,0.07521491,0.007854778
-18.3,0.07499447,0.0077014444
-18.2,0.074686505,0.007507668
-18.1,0.07431238,0.007271893
-18.0,0.07387859,0.0069987467
-17.9,0.07339382,0.006729204
-17.8,0.072850496,0.006502259
-17.7,0.07225138,0.0063330773
-17.6,0.07161845,0.006208189
-17.5,0.07098402,0.0061145467
-17.4,0.07037183,0.006056725
-17.3,0.069782585,0.0060251704
-17.2,0.06921466,0.0060094753
-17.1,0.0686624,0.0059884996
-17.0,0.06813094,0.0059637143
-16.9,0.067623235,0.005942732
-16.8,0.06714261,0.0059272717
-16.7,0.06668734,0.005899825
-16.6,0.066257305,0.0058578844
-16.5,0.06586707,0.005803054
-16.4,0.065522,0.005756493
-16.3,0.06521734,0.005717825
-16.2,0.0649386,0.0056730458
-16.1,0.06468348,0.0055970545
-16.0,0.06446406,0.005489788
-15.9,0.06428022,0.005392719
-15.8,0.06412812,0.0053331666
-15.7,0.06399648,0.0052982927
-15.6,0.063887894,0.00528157
-15.5,0.06379196,0.0052702357
-15.4,0.0637071,0.005270264
-15.3,0.06363139,0.0052608303
-15.2,0.063575834,0.005237106
-15.1,0.06354285,0.0052039744
-15.0,0.06353485,0.0051725213
-14.9,0.06354188,0.005150254
-14.8,0.06357296,0.0051312437
-14.7,0.063626826,0.0050826147
-14.6,0.063697964,0.0050054993
-14.5,0.06376266,0.0049114716
-14.4,0.063821,0.0048216768
-14.3,0.063883595,0.004726022
-14.2,0.06396462,0.0046232496
-14.1,0.0640714,0.0045213536
-14.0,0.064215094,0.0044428767
-13.9,0.06440079,0.004390679
-13.8,0.06460535,0.0043638553
-13.7,0.06481323,0.004343354
-13.6,0.06502675,0.0043356973
-13.5,0.065260895,0.0043423865
-13.4,0.06552327,0.004377357
-13.3,0.065796725,0.004434571
-13.2,0.06606691,0.004507246
-13.1,0.06631313,0.004585049
-13.0,0.0665336,0.004666381
-12.9,0.06673441,0.004746758
-12.8,0.06692702,0.004810621
-12.7,0.06711818,0.0048305467
-12.6,0.06729522,0.004792765
-12.5,0.06744917,0.004708786
-12.4,0.067573056,0.0046109566
-12.3,0.06767804,0.004518271
-12.2,0.06777818,0.0044484735
-12.1,0.06788087,0.004409147
-12.0,0.06798545,0.004402034
-11.9,0.06809213,0.0044350256
-11.8,0.06820844,0.0045056306
-11.7,0.06833603,0.0046106908
-11.6,0.06846917,0.0047110603
-11.5,0.06862698,0.0048161116
-11.4,0.068813235,0.004924288
-11.3,0.06902221,0.0050628856
-11.2,0.06921912,0.005213693
-11.1,0.06940515,0.005359937
-11.0,0.0695889,0.005469018
-10.9,0.06978132,0.0055277087
-10.8,0.069972746,0.005545187
-10.7,0.07014474,0.0055333017
-10.6,0.07027672,0.0054949555
-10.5,0.070357464,0.0054311515
-10.4,0.07038609,0.005370174
-10.3,0.07035726,0.00533209
-10.2,0.070275106,0.005334665
-10.1,0.070148274,0.0053629293
-10.0,0.06999232,0.0054083746
-9.9,0.06979286,0.0054417825
-9.8,0.069575995,0.0054840795
-9.7,0.06932198,0.005534324
-9.6,0.06901075,0.005637382
-9.5,0.06858799,0.005772149
-9.4,0.068050556,0.0059335628
-9.3,0.06741467,0.006097149
-9.2,0.06670682,0.0062445235
-9.1,0.06596232,0.00635735
-9.0,0.065226056,0.006435575
-8.9,0.064539544,0.006507437
-8.8,0.06391531,0.006603945
-8.7,0.06334582,0.006714887
-8.6,0.06281805,0.0068105184
-8.5,0.062333867,0.0068725715
-8.4,0.0619036,0.006911518
-8.3,0.061536875,0.0069470676
-8.2,0.06122145,0.0069845095
-8.1,0.060944937,0.006997831
-8.0,0.060712095,0.0069549656
-7.9,0.06057648,0.006845698
-7.8,0.0606303,0.0067258924
-7.7,0.0609942,0.006715752
-7.6,0.061742976,0.006950888
-7.5,0.06286455,0.00748687
-7.4,0.06424041,0.008253912
-7.3,0.065686256,0.009089911
-7.2,0.06701813,0.009815659
-7.1,0.06811338,0.010319976
-7.0,0.06894846,0.010575231
-6.9,0.06956299,0.010629217
-6.8,0.0700339,0.010566424
-6.7,0.0704392,0.010457313
-6.6,0.07084401,0.010357941
-6.5,0.07127583,0.0102799125
-6.4,0.07173393,0.010230656
-6.3,0.0722073,0.010199172
-6.2,0.072666906,0.010161982
-6.1,0.07306708,0.010082229
-6.0,0.073373795,0.009947659
-5.9,0.073589005,0.009786003
-5.8,0.07374995,0.00965654
-5.7,0.07390298,0.00961929
-5.6,0.0740953,0.009693507
-5.5,0.07435411,0.009851921
-5.4,0.074677214,0.010036776
-5.3,0.075057276,0.010214474
-5.2,0.075496785,0.01037083
-5.1,0.07602012,0.010515847
-5.0,0.07663239,0.010660904
-4.9,0.07731977,0.010811528
-4.8,0.078042984,0.010952875
-4.7,0.078761116,0.011057401
-4.6,0.079461955,0.011109507
-4.5,0.080147885,0.011103761
-4.4,0.08084255,0.011037985
-4.3,0.081550576,0.010907874
-4.2,0.08227443,0.010715357
-4.1,0.083018996,0.010458807
-4.0,0.08379302,0.010147629
-3.9,0.08459861,0.009794841
-3.8,0.08542291,0.009442612
-3.7,0.086233884,0.009126195
-3.6,0.08700935,0.008875589
-3.5,0.087740876,0.008687936
-3.4,0.08842974,0.008545592
-3.3,0.08907168,0.008417247
-3.2,0.08964786,0.0082794875
-3.1,0.090150185,0.008108398
-3.0,0.09058405,0.007895879
-2.9,0.09096111,0.007654687
-2.8,0.09129142,0.007387611
-2.7,0.091580145,0.0071044406
-2.6,0.09183781,0.006820647
-2.5,0.09209637,0.006576996
-2.4,0.09239574,0.006411221
-2.3,0.092754066,0.006345382
-2.2,0.09316169,0.0063590445
-2.1,0.09356763,0.006427206
-2.0,0.093940146,0.006533004
-1.9,0.09428625,0.006684096
-1.8,0.094642274,0.0068454905
-1.7,0.095029086,0.0069769686
-1.6,0.09544671,0.007058118
-1.5,0.09587747,0.0070955395
-1.4,0.09631528,0.007098688
-1.3,0.09674154,0.0070756148
-1.2,0.09716015,0.0070410087
-1.1,0.097575374,0.0070155393
-1.0,0.097984284,0.007014525
-0.9,0.098394275,0.007035804
-0.8,0.098789796,0.0070665814
-0.7,0.09917065,0.007085075
-0.6,0.09950779,0.0070849494
-0.5,0.09979519,0.0070670745
-0.4,0.10002822,0.0070470264
-0.3,0.100233935,0.007047894
-0.2,0.10041598,0.0070884665
-0.1,0.10055926,0.0071779867
-0.0,0.10062705,0.0073031234
0.1,0.10061957,0.007440275
0.2,0.10055849,0.007546946
0.3,0.10046442,0.0075817844
0.4,0.10035018,0.0075278836
0.5,0.10022444,0.007402689
0.6,0.10009433,0.007245031
0.7,0.099972025,0.0070860926
0.8,0.09986394,0.006940319
0.9,0.09979105,0.0068117483
1.0,0.099745706,0.0067000003
1.1,0.09971795,0.0066207694
1.2,0.09969665,0.0065942397
1.3,0.09968698,0.0066145267
1.4,0.09969707,0.006651046
1.5,0.09973705,0.0066679535
1.6,0.09981374,0.006655149
1.7,0.09994488,0.006617531
1.8,0.10013352,0.00657586
1.9,0.100357205,0.0065512354
2.0,0.100584924,0.0065635643
2.1,0.100797534,0.006625118
2.2,0.101008594,0.0067377663
2.3,0.10121182,0.0068841693
2.4,0.10139039,0.007025025
2.5,0.1015298,0.007138303
2.6,0.101645984,0.0072240983
2.7,0.1017795,0.0072997794
2.8,0.10193751,0.0073686433
2.9,0.10210297,0.00742154
3.0,0.10224914,0.007448955
3.1,0.102374434,0.0074617364
3.2,0.10249701,0.0074658925
3.3,0.10260564,0.007449993
3.4,0.102689326,0.0073946314
3.5,0.10273484,0.0073093874
3.6,0.102756836,0.0072203837
3.7,0.102763556,0.0071387566
3.8,0.10274042,0.0070669386
3.9,0.1026747,0.0070217387
4.0,0.10256873,0.007011446
4.1,0.10243494,0.0070197205
4.2,0.10227974,0.0070154252
4.3,0.10209436,0.006997532
4.4,0.101902746,0.0069908295
4.5,0.101722114,0.007023021
4.6,0.101566434,0.0071166744
4.7,0.10138066,0.0072627454
4.8,0.10113188,0.00745262
4.9,0.10080457,0.0076556816
5.0,0.1004188,0.007850445
5.1,0.099975295,0.008012589
5.2,0.099475905,0.008123561
5.3,0.09895514,0.00818629
5.4,0.0984353,0.008226167
5.5,0.097934276,0.008279088
5.6,0.09745632,0.008377404
5.7,0.097008176,0.008526558
5.8,0.09655051,0.0087120645
5.9,0.09605171,0.008895056
6.0,0.095504686,0.009047218
6.1,0.094958715,0.009174969
6.2,0.09443471,0.009303691
6.3,0.09393982,0.009437258
6.4,0.09344862,0.009559146
6.5,0.092931926,0.009650072
6.6,0.09234585,0.009713337
6.7,0.09166521,0.009756487
6.8,0.090906456,0.009777979
6.9,0.09009836,0.009778363
7.0,0.089289,0.009772246
7.1,0.08848459,0.00977941
7.2,0.08769273,0.00979984
7.3,0.08691014,0.009812992
7.4,0.0861588,0.009799616
7.5,0.08544165,0.0097674
7.6,0.08472179,0.009718971
7.7,0.08396063,0.009635211
7.8,0.08312755,0.009478553
7.9,0.08222841,0.009225358
8.0,0.08124982,0.0088662775
8.1,0.08018349,0.008422539
8.2,0.07902857,0.007924291
8.3,0.07781593,0.0074115703
8.4,0.07660725,0.006918687
8.5,0.075460345,0.006478436
8.6,0.07442688,0.00611901
8.7,0.07353114,0.0058300956
8.8,0.0727666,0.005592372
8.9,0.07210087,0.0053768624
9.0,0.07150596,0.0051894393
9.1,0.070964046,0.0050328835
9.2,0.07046395,0.0049030604
9.3,0.06997777,0.0047787763
9.4,0.06948235,0.0046455357
9.5,0.06894279,0.0045038294
9.6,0.06834456,0.00434892
9.7,0.067691475,0.0041845655
9.8,0.06700298,0.0040092804
9.9,0.06629416,0.0038402255
10.0,0.065574855,0.0036873647
10.1,0.06486337,0.0035640248
10.2,0.06418229,0.00348208
10.3,0.06355355,0.003445237
10.4,0.06298129,0.0034328043
10.5,0.06246031,0.0034184395
10.6,0.061981194,0.0033821268
10.7,0.06154945,0.0033236467
10.8,0.061160784,0.0032600118
10.9,0.060806755,0.0032066843
11.0,0.060471006,0.003173928
11.1,0.060150705,0.003165533
11.2,0.05986866,0.003177172
11.3,0.0596461,0.0032072517
11.4,0.059492394,0.0032611766
11.5,0.059384327,0.003337786
11.6,0.05929767,0.0034269725
11.7,0.059210736,0.0035094137
11.8,0.059123132,0.0035565658
11.9,0.05904374,0.0035688153
12.0,0.058994006,0.003565314
12.1,0.058975056,0.003574438
12.2,0.05898246,0.003601042
12.3,0.059011903,0.003631868
12.4,0.059072163,0.0036626703
12.5,0.059174422,0.0036923683
12.6,0.059333216,0.003721219
12.7,0.05955279,0.0037490542
12.8,0.059827592,0.0037749184
12.9,0.06012665,0.003804099
13.0,0.06042691,0.003839491
13.1,0.060714263,0.0038859888
13.2,0.060997147,0.003940162
13.3,0.061284915,0.003992637
13.4,0.06160309,0.0040576635
13.5,0.061970826,0.004149299
13.6,0.06239778,0.00427566
13.7,0.062859446,0.004418796
13.8,0.06333853,0.0045685996
13.9,0.063826576,0.004732411
14.0,0.06433039,0.0049104984
14.1,0.06485499,0.005096592
14.2,0.06540678,0.0052821683
14.3,0.06599224,0.005461245
14.4,0.06660884,0.0056302627
14.5,0.0672379,0.005780858
14.6,0.06787014,0.0059026815
14.7,0.06850461,0.005982374
14.8,0.06915359,0.006010678
14.9,0.06981699,0.0059949006
15.0,0.070499755,0.0059593455
15.1,0.071197055,0.005926406
15.2,0.0718985,0.005904421
15.3,0.07259588,0.0058838776
15.4,0.0732899,0.0058608092
15.5,0.07399082,0.0058269324
15.6,0.07469547,0.0057986914
15.7,0.075398505,0.0057835607
15.8,0.07608298,0.005785485
15.9,0.07674133,0.0057961075
16.0,0.077377014,0.00581063
16.1,0.078004785,0.005829573
16.2,0.078629754,0.0058389776
16.3,0.079243965,0.005836044
16.4,0.079845436,0.00581558
16.5,0.08043538,0.0057863635
16.6,0.08103937,0.0057375496
16.7,0.0816704,0.0056799245
16.8,0.08234105,0.005631276
16.9,0.08305173,0.0056345
17.0,0.083799124,0.0057043983
17.1,0.08459301,0.005836655
17.2,0.08544104,0.0060085515
17.3,0.086349465,0.0061989487
17.4,0.08729372,0.0063741016
17.5,0.08822424,0.006522146
17.6,0.08910643,0.00661898
17.7,0.08991359,0.006664396
17.8,0.0906658,0.006679303
17.9,0.09138337,0.006704325
18.0,0.092090994,0.0067757987
18.1,0.092804104,0.0068970253
18.2,0.09355661,0.0070433496
18.3,0.09436091,0.0071852873
18.4,0.095227025,0.007288404
18.5,0.09610125,0.007335022
18.6,0.096942954,0.0072970344
18.7,0.09772108,0.007186778
18.8,0.09842503,0.007020013
18.9,0.09905292,0.0068454733
19.0,0.09956806,0.006693605
19.1,0.09996554,0.0066036177
19.2,0.100233085,0.0065710377
19.3,0.10039637,0.006602233
19.4,0.10047036,0.0066857175
19.5,0.10047828,0.006798945
19.6,0.10041555,0.006912004
19.7,0.10026612,0.006991979
19.8,0.10001097,0.0070185806
19.9,0.099631086,0.006989299
20.0,0.09912037,0.0069240383
20.1,0.09850164,0.0068624746
20.2,0.09781171,0.0068139806
20.3,0.09709299,0.006771841
20.4,0.09636675,0.0067236414
20.5,0.09564861,0.0067065265
20.6,0.09493955,0.006725993
20.7,0.09424916,0.006768116
20.8,0.093578644,0.00679634
20.9,0.09294939,0.0068140347
21.0,0.09237388,0.0068247453
21.1,0.09184583,0.00682481
21.2,0.091335125,0.0068169185
21.3,0.09079733,0.006805695
21.4,0.09019481,0.006805141
21.5,0.0894988,0.006800583
21.6,0.08866304,0.006791701
21.7,0.087660044,0.0067718443
21.8,0.086465225,0.006743876
21.9,0.085115805,0.0067125326
22.0,0.08366212,0.006688415
22.1,0.08218546,0.006691207
22.2,0.08074345,0.006722761
22.3,0.079399884,0.006770126
22.4,0.07817753,0.006809446
22.5,0.07709486,0.006849213
22.6,0.07614442,0.0068811504
22.7,0.07534127,0.0069276337
22.8,0.07469511,0.006982705
22.9,0.07419672,0.007053327
23.0,0.07381422,0.0071274717
23.1,0.07350821,0.007196123
23.2,0.07324984,0.0072580464
23.3,0.07302376,0.007293195
23.4,0.072823115,0.0072998055
23.5,0.072662555,0.0072774007
23.6,0.072543755,0.0072368495
23.7,0.07246798,0.0071875104
23.8,0.07240784,0.007129922
23.9,0.07235273,0.0070732543
24.0,0.07229778,0.0070249857
24.1,0.072255515,0.006983714
24.2,0.07223189,0.0069446894
24.3,0.07222763,0.0069083087
24.4,0.07223471,0.0068805423
24.5,0.07224557,0.0068616
24.6,0.07224968,0.006843834
24.7,0.07223655,0.006819056
24.8,0.072186366,0.006785352
24.9,0.07208861,0.006742801
25.0,0.0719267,0.006691501
25.1,0.0717008,0.006626502
25.2,0.07139465,0.006525734
25.3,0.0710209,0.006382918
25.4,0.070584774,0.0062061707
25.5,0.07010542,0.006033343
25.6,0.06959506,0.0058921943
25.7,0.06906892,0.005787984
25.8,0.06855154,0.0057163406
25.9,0.06804885,0.005662898
26.0,0.06757188,0.0056189853
26.1,0.06712906,0.005577282
26.2,0.066731416,0.0055408827
26.3,0.0663795,0.0055210786
26.4,0.06606098,0.0055271727
26.5,0.065765016,0.0055730366
26.6,0.06548446,0.0056558084
26.7,0.06522175,0.005759857
26.8,0.06497416,0.005862979
26.9,0.064749815,0.00595083
27.0,0.06454998,0.0060290266
27.1,0.06439086,0.006104213
27.2,0.06427273,0.006182952
27.3,0.06420775,0.006249717
27.4,0.064197816,0.00630058
27.5,0.06426171,0.00633221
27.6,0.06440442,0.0063553634
27.7,0.06462906,0.006383233
27.8,0.06491321,0.0064286357
27.9,0.06523623,0.006503356
28.0,0.06558625,0.0066009024
28.1,0.065956034,0.0067238
28.2,0.06633788,0.0068700104
28.3,0.06671099,0.0070367847
28.4,0.06706016,0.0072058192
28.5,0.06736059,0.0073551345
28.6,0.06759457,0.00748174
28.7,0.06774861,0.0075859656
28.8,0.0678279,0.0076805945
28.9,0.06784893,0.0077672936
29.0,0.06783076,0.007841336
29.1,0.06778467,0.007884974
29.2,0.067718714,0.007893607
29.3,0.06763775,0.007864969
29.4,0.06756199,0.007824616
29.5,0.06749275,0.0077746026
29.6,0.067425504,0.007730523
29.7,0.067332335,0.0076759765
29.8,0.067208156,0.0076009547
29.9,0.06705212,0.0074812104
30.0,0.06688073,0.0073206937
30.1,0.066693135,0.0071471417
30.2,0.06648474,0.0070003197
30.3,0.066246904,0.006887643
30.4,0.06598169,0.0067963987
30.5,0.06569048,0.0067110085
30.6,0.065386966,0.0066384757
30.7,0.065078914,0.0065890495
30.8,0.06477119,0.006562045
30.9,0.06445319,0.006537092
31.0,0.06411707,0.0064905034
31.1,0.06376472,0.006431777
31.2,0.0634002,0.006379102
31.3,0.06302376,0.0063455375
31.4,0.062639736,0.0063220873
31.5,0.062245827,0.0062987637
31.6,0.06183859,0.006272666
31.7,0.061396178,0.006230648
31.8,0.060895164,0.006161482
31.9,0.06033196,0.006054599
32.0,0.05971822,0.005908663
32.1,0.059089236,0.005734435
32.2,0.058470048,0.005550312
32.3,0.057891198,0.0053885193
32.4,0.057364117,0.005255353
32.5,0.056886137,0.005152787
32.6,0.056445256,0.005058258
32.7,0.056026537,0.0049786186
32.8,0.055633128,0.004905146
32.9,0.055263955,0.004848647
33.0,0.054927226,0.0047919517
33.1,0.054617446,0.004738571
33.2,0.054340906,0.0046730796
33.3,0.054096468,0.004602677
33.4,0.05388044,0.00453728
33.5,0.053685676,0.004488305
33.6,0.053518064,0.004457858
33.7,0.053393282,0.00444005
33.8,0.053313974,0.0044262614
33.9,0.053271223,0.0044119125
34.0,0.053257704,0.004381206
34.1,0.053272396,0.0043407413
34.2,0.053314112,0.004291514
34.3,0.05338774,0.004253622
34.4,0.053493064,0.0042329915
34.5,0.0536395,0.0042390367
34.6,0.05382905,0.0042708237
34.7,0.054069582,0.0043365886
34.8,0.05435513,0.0044321534
34.9,0.05467001,0.0045573483
35.0,0.054997806,0.004710331
35.1,0.055329517,0.0049022436
35.2,0.055666156,0.005144027
35.3,0.056011844,0.005439621
35.4,0.056360956,0.005781795
35.5,0.056703277,0.0061462526
35.6,0.057039674,0.006516606
35.7,0.057377066,0.0068728635
35.8,0.05773622,0.007212569
35.9,0.05811497,0.007517232
36.0,0.0585122,0.00777596
36.1,0.05890615,0.007985846
36.2,0.059270263,0.008143373
36.3,0.059580725,0.008264781
36.4,0.059824865,0.0083446205
36.5,0.060012158,0.008395541
36.6,0.06014675,0.008411743
36.7,0.06022317,0.008398214
36.8,0.06023444,0.008361984
36.9,0.060176548,0.00829661
37.0,0.06006758,0.008212333
37.1,0.059921935,0.0081081325
37.2,0.059749518,0.008004298
37.3,0.059544615,0.007898286
37.4,0.05929142,0.007783285
37.5,0.058969982,0.007628551
37.6,0.058574602,0.007413185
37.7,0.05811635,0.0071431147
37.8,0.057622056,0.006836262
37.9,0.05710822,0.0065205274
38.0,0.056578834,0.006197959
38.1,0.05603678,0.0058878185
38.2,0.05548277,0.0055941595
38.3,0.05491382,0.0053287735
38.4,0.05432573,0.005100236
38.5,0.05371813,0.004914686
38.6,0.053094383,0.0047720047
38.7,0.052468825,0.0046627554
38.8,0.05184093,0.004572185
38.9,0.051225238,0.0044956272
39.0,0.050615717,0.004427145
39.1,0.05002953,0.004381888
39.2,0.04947676,0.0043754093
39.3,0.048975993,0.0044240947
39.4,0.048541903,0.004525785
39.5,0.048180807,0.004664675
39.6,0.047892276,0.004822013
39.7,0.04766709,0.0049850033
39.8,0.047500756,0.0051520793
39.9,0.04738667,0.0053141215
40.0,0.047321204,0.0054730447
40.1,0.047289263,0.0056131976
40.2,0.047283646,0.005743335
40.3,0.047289245,0.0058536385
40.4,0.04730333,0.005947011
40.5,0.04732882,0.006017919
40.6,0.047369003,0.006071485
40.7,0.04743154,0.006118894
40.8,0.047513194,0.006167264
40.9,0.04762037,0.0062199524
41.0,0.04774944,0.006277815
41.1,0.047887243,0.0063464865
41.2,0.048019677,0.0064281765
41.3,0.048124865,0.006519941
41.4,0.04820152,0.0066179913
41.5,0.04823917,0.0067093107
41.6,0.048237935,0.006804551
41.7,0.04818686,0.006890478
41.8,0.04808809,0.0069703925
41.9,0.047939032,0.007016977
42.0,0.047746893,0.0070218258
42.1,0.04751135,0.0069766254
42.2,0.047236968,0.0068725655
42.3,0.046922557,0.0067184367
42.4,0.0465666,0.006511451
42.5,0.04617208,0.0062792627
42.6,0.045733593,0.0060258075
42.7,0.04526269,0.005771302
42.8,0.044766847,0.0055268486
42.9,0.044276293,0.0053174333
43.0,0.04380683,0.0051577534
43.1,0.043383203,0.0050593955
43.2,0.04301525,0.005019816
43.3,0.04270118,0.005028994
43.4,0.04243807,0.0050608153
43.5,0.04221488,0.0050918977
43.6,0.042032763,0.005109152
43.7,0.041885514,0.0051055765
43.8,0.041771747,0.0050912914
43.9,0.041690644,0.005081786
44.0,0.04163131,0.00509569
44.1,0.04159803,0.0051449696
44.2,0.041592762,0.0052322983
44.3,0.04162304,0.0053566033
44.4,0.041690074,0.00551
44.5,0.041785844,0.0056714695
44.6,0.041905962,0.0058310577
44.7,0.042030405,0.005977538
44.8,0.042149622,0.0061119264
44.9,0.042250756,0.006230609
45.0,0.042336524,0.0063340263
45.1,0.042397972,0.0064242124
45.2,0.042439677,0.0065025194
45.3,0.042459812,0.006566614
45.4,0.04246977,0.006613795
45.5,0.04246841,0.006642318
45.6,0.04246055,0.0066458113
45.7,0.04244734,0.0066321343
45.8,0.042415395,0.006606005
45.9,0.042357326,0.0065692086
46.0,0.04226328,0.006523994
46.1,0.042153712,0.0064785243
46.2,0.04204978,0.006455268
46.3,0.04198576,0.00645217
46.4,0.041967146,0.0064611593
46.5,0.041992147,0.00647353
46.6,0.04204327,0.006490123
46.7,0.042119965,0.0065139187
46.8,0.042213775,0.006545558
46.9,0.042329866,0.006586105
47.0,0.04245944,0.006636029
47.1,0.042603154,0.0066751554
47.2,0.0427455,0.00669233
47.3,0.0428822,0.0066832243
47.4,0.043001004,0.0066574826
47.5,0.043098994,0.0066283657
47.6,0.043165028,0.006597847
47.7,0.043203674,0.0065765255
47.8,0.04321482,0.006553796
47.9,0.043213055,0.006525194
48.0,0.043208256,0.0064870776
48.1,0.043205023,0.006433459
48.2,0.04321332,0.006358309
48.3,0.043233488,0.0062543256
48.4,0.04327509,0.0061283773
48.5,0.043338973,0.0059841974
48.6,0.043422773,0.0058286893
48.7,0.043525137,0.00565668
48.8,0.043634873,0.0054792054
48.9,0.043746594,0.0052973633
49.0,0.043850403,0.005134293
49.1,0.043952625,0.004991962
49.2,0.044043005,0.0048901886
49.3,0.04413461,0.004833005
49.4,0.044223744,0.0048330026
49.5,0.04432558,0.00488458
49.6,0.044428185,0.0049823457
49.7,0.044536587,0.0050998228
49.8,0.044640176,0.0052201822
49.9,0.0447409,0.0053148167
50.0,0.044826113,0.00538533
50.1,0.044896603,0.0054059075
50.2,0.044951398,0.005386526
50.3,0.044990174,0.0053160246
50.4,0.045023274,0.005215741
50.5,0.04504865,0.0050912816
50.6,0.04508388,0.004959264
50.7,0.045130044,0.004828206
50.8,0.04520268,0.004701467
50.9,0.045304265,0.0045817755
51.0,0.04544236,0.0044702184
51.1,0.045616098,0.0043746936
51.2,0.045824755,0.0042984444
51.3,0.046066593,0.004246023
51.4,0.046337973,0.0042107943
51.5,0.0466307,0.0041906284
51.6,0.046935245,0.004180133
51.7,0.04723715,0.0041814316
51.8,0.04753201,0.004195834
51.9,0.047811992,0.004226116
52.0,0.048078004,0.0042672837
52.1,0.04833218,0.004314396
52.2,0.04858278,0.004364027
52.3,0.048849832,0.004413309
52.4,0.049137644,0.0044713635
52.5,0.04945341,0.004530756
52.6,0.049783316,0.0045989747
52.7,0.050132383,0.004664858
52.8,0.05048867,0.0047264104
52.9,0.05085162,0.0047872006
53.0,0.051214516,0.004836116
53.1,0.051576763,0.004885657
53.2,0.051938634,0.004920858
53.3,0.05230217,0.004956988
53.4,0.052669365,0.004980685
53.5,0.053040598,0.004995069
53.6,0.05341852,0.0049990476
53.7,0.053802907,0.0049961065
53.8,0.054192603,0.0049894047
53.9,0.054582313,0.0049789282
54.0,0.054969672,0.00496774
54.1,0.055356298,0.0049534948
54.2,0.055740744,0.0049473164
54.3,0.056132812,0.004947788
54.4,0.056525126,0.0049602063
54.5,0.056922678,0.004978727
54.6,0.057323325,0.0050011384
54.7,0.057732683,0.005018179
54.8,0.058150575,0.005029937
54.9,0.058583673,0.0050231
55.0,0.05903373,0.0050011333
55.1,0.05949771,0.0049566245
55.2,0.059974056,0.004903528
55.3,0.06045786,0.004836455
55.4,0.060930565,0.004759886
55.5,0.061383057,0.004680656
55.6,0.061815955,0.004601271
55.7,0.062227525,0.0045238775
55.8,0.06261722,0.004450222
55.9,0.0629863,0.0043887338
56.0,0.06334353,0.004336683
56.1,0.06369176,0.0043022
56.2,0.06403762,0.004281708
56.3,0.06438127,0.004270973
56.4,0.064721555,0.004271507
56.5,0.06505295,0.0042793797
56.6,0.06538879,0.00429311
56.7,0.065728664,0.0043124473
56.8,0.06607218,0.0043382966
56.9,0.066420764,0.0043786326
57.0,0.06677922,0.004425026
57.1,0.06715222,0.0044758697
57.2,0.06753845,0.004520361
57.3,0.06793272,0.0045622326
57.4,0.068336636,0.0046052677
57.5,0.06874923,0.0046532876
57.6,0.06916504,0.0047081187
57.7,0.06957755,0.0047727795
57.8,0.06997981,0.0048478595
57.9,0.0703776,0.004930378
58.0,0.070768066,0.00501053
58.1,0.071157895,0.0050775446
58.2,0.07153971,0.005133012
58.3,0.07191951,0.005164837
58.4,0.072294585,0.0051860698
58.5,0.07267735,0.0051900023
58.6,0.073068865,0.0051908894
58.7,0.07347456,0.0051884046
58.8,0.07388836,0.0051876754
58.9,0.07431935,0.0051876213
59.0,0.0747664,0.0051888106
59.1,0.07523327,0.0051905317
59.2,0.075718336,0.005189503
59.3,0.076216504,0.0051852874
59.4,0.07672867,0.0051741903
59.5,0.07724024,0.0051683383
59.6,0.07774805,0.005157789
59.7,0.07824492,0.0051471675
59.8,0.07873334,0.0051351157
59.9,0.07921252,0.005128585
60.0,0.07968822,0.0051292586
60.1,0.08016641,0.0051329606
60.2,0.08065251,0.005136219
60.3,0.08114801,0.0051364345
60.4,0.081646316,0.005134954
60.5,0.082143985,0.005123533
60.6,0.082627475,0.0050969757
60.7,0.08310458,0.0050577926
60.8,0.083568074,0.005015014
60.9,0.084019266,0.004977595
61.0,0.08445407,0.004949345
61.1,0.08488513,0.0049248883
61.2,0.0853244,0.004896142
61.3,0.08576469,0.0048701
61.4,0.08621008,0.0048519582
61.5,0.086658135,0.004846044
61.6,0.087123275,0.0048458395
61.7,0.08760065,0.004857108
61.8,0.08807924,0.004882081
61.9,0.088567205,0.004920571
62.0,0.08906175,0.004974832
62.1,0.08957461,0.005036743
62.2,0.0901,0.005110595
62.3,0.090653405,0.005193285
62.4,0.091237806,0.005283682
62.5,0.091847055,0.0053822403
62.6,0.092493914,0.0054865684
62.7,0.09317577,0.0056055086
62.8,0.09389623,0.0057325214
62.9,0.09466018,0.005868698
63.0,0.095470175,0.0060139913
63.1,0.09633014,0.006168832
63.2,0.097217135,0.0063413493
63.3,0.0981478,0.0065143304
63.4,0.09912469,0.006687939
63.5,0.1001351,0.006863861
63.6,0.10118688,0.0070415055
63.7,0.10227318,0.007222962
63.8,0.1034086,0.00740461
63.9,0.104572296,0.0075999144
64.0,0.1057625,0.0077987006
64.1,0.1069867,0.007995394
64.2,0.108232364,0.008183177
64.3,0.10950265,0.008357918
64.4,0.11078251,0.008522375
64.5,0.11207028,0.008664197
64.6,0.11336235,0.008778972
64.7,0.11464551,0.008879777
64.8,0.115900636,0.008969544
64.9,0.11711067,0.009041198
65.0,0.11828142,0.009097239
65.1,0.119436756,0.009142078
65.2,0.12057731,0.009187327
65.3,0.12169377,0.009199888
65.4,0.12279434,0.009176486
65.5,0.12387625,0.009127983
65.6,0.12494285,0.009079064
65.7,0.1259826,0.009044647
65.8,0.127,0.009027405
65.9,0.12801206,0.00902592
66.0,0.12901746,0.009039524
66.1,0.13002059,0.009064736
66.2,0.13102266,0.009108268
66.3,0.13202864,0.00917517
66.4,0.1330374,0.009245418
66.5,0.13403575,0.009325913
66.6,0.13501674,0.009420236
66.7,0.13599557,0.009532133
66.8,0.13696961,0.009649232
66.9,0.1379337,0.009759584
67.0,0.13888578,0.00986812
67.1,0.13982783,0.009973268
67.2,0.1407728,0.010073497
67.3,0.14171033,0.010173392
67.4,0.14263493,0.0102796955
67.5,0.14355129,0.010382753
67.6,0.14447013,0.010484705
67.7,0.14538696,0.010590102
67.8,0.14628026,0.010685428
67.9,0.14714809,0.010767379
68.0,0.14799455,0.010835395
68.1,0.14884603,0.010899376
68.2,0.14971039,0.010964327
68.3,0.15058525,0.011031842
68.4,0.1514766,0.011107378
68.5,0.15237582,0.011189853
68.6,0.15327986,0.011271854
68.7,0.15418814,0.011344762
68.8,0.15509774,0.011404309
68.9,0.1560194,0.011443091
69.0,0.156951,0.011472149
69.1,0.1578901,0.011503823
69.2,0.15883085,0.01153898
69.3,0.15977211,0.011584739
69.4,0.1607149,0.011643039
69.5,0.16167033,0.011706352
69.6,0.1626353,0.01177519
69.7,0.16361074,0.011843315
69.8,0.16459173,0.011906641
69.9,0.16558371,0.011967369
70.0,0.16658376,0.012032714
70.1,0.16759343,0.012097967
70.2,0.16861078,0.012167627
70.3,0.16963534,0.012240888
70.4,0.17067139,0.012322678
70.5,0.17171772,0.012408844
70.6,0.17278147,0.012494569
70.7,0.17385262,0.012581759
70.8,0.17494138,0.012672271
70.9,0.17605434,0.012756914
71.0,0.17717952,0.012841519
71.1,0.17831656,0.0129251005
71.2,0.17946571,0.013013857
71.3,0.18063572,0.013100982
71.4,0.18182287,0.013190178
71.5,0.18302496,0.0132804075
71.6,0.1842379,0.013366611
71.7,0.185464,0.013457236
71.8,0.18671468,0.013548433
71.9,0.18798475,0.013626695
72.0,0.1892733,0.013697388
72.1,0.19057274,0.013767594
72.2,0.19189243,0.013838041
72.3,0.19322695,0.013907304
72.4,0.194579,0.013975589
72.5,0.1959616,0.0140405325
72.6,0.19737478,0.014123599
72.7,0.19881816,0.014227921
72.8,0.20029949,0.014324477
72.9,0.2017855,0.01443206
73.0,0.20329195,0.014543839
73.1,0.20483205,0.0146745825
73.2,0.20626234,0.014622624
73.3,0.20754358,0.014365406
73.4,0.20860736,0.013820296
73.5,0.20963976,0.013182406
73.6,0.21068056,0.012537805
73.7,0.21176134,0.01194793
73.8,0.21286309,0.011358873
73.9,0.21395124,0.010762611
74.0,0.2150464,0.0101661235
74.1,0.216183,0.009554934
74.2,0.21730879,0.008902056
74.3,0.21848324,0.0082707
74.4,0.21968183,0.0076645887
74.5,0.22094667,0.007127302
74.6,0.22223262,0.0066540563
74.7,0.22355367,0.0062627546
74.8,0.22490573,0.0058339075
74.9,0.22624768,0.005413324
75.0,0.2276063,0.005045882
75.1,0.22901735,0.0047211503
75.2,0.23046409,0.0043236595
75.3,0.23184103,0.0038556375
75.4,0.23307796,0.0032937878
75.5,0.23397815,0.002615143
75.6,0.23470086,0.0017118538
75.7,0.23501512,0.0013821382
75.8,nan,nan
75.9,nan,nan
76.0,nan,nan
76.1,nan,nan
76.2,nan,nan
76.3,nan,nan
76.4,nan,nan
76.5,nan,nan
76.6,nan,nan
76.7,nan,nan
76.8,nan,nan
76.9,nan,nan
77.0,nan,nan
77.1,nan,nan
77.2,nan,nan
77.3,nan,nan
77.4,nan,nan
77.5,nan,nan
77.6,nan,nan
77.7,nan,nan
77.8,nan,nan
77.9,nan,nan
78.0,nan,nan
78.1,nan,nan
78.2,nan,nan
78.3,nan,nan
78.4,nan,nan
78.5,nan,nan
78.6,nan,nan
78.7,nan,nan
78.8,nan,nan
78.9,nan,nan
79.0,nan,nan
79.1,nan,nan
79.2,nan,nan
79.3,nan,nan
79.4,nan,nan
79.5,nan,nan
79.6,nan,nan
79.7,nan,nan
79.8,nan,nan
79.9,nan,nan
80.0,nan,nan
80.1,nan,nan
80.2,nan,nan
80.3,nan,nan
80.4,nan,nan
80.5,nan,nan
80.6,nan,nan
80.7,nan,nan
80.8,nan,nan
80.9,nan,nan
81.0,nan,nan
81.1,nan,nan
81.2,nan,nan
81.3,nan,nan
81.4,nan,nan
81.5,nan,nan
81.6,nan,nan
81.7,nan,nan
81.8,nan,nan
81.9,nan,nan
82.0,nan,nan
82.1,nan,nan
82.2,nan,nan
82.3,nan,nan
82.4,nan,nan
82.5,nan,nan
82.6,nan,nan
82.7,nan,nan
82.8,nan,nan
82.9,nan,nan
83.0,nan,nan
83.1,nan,nan
83.2,nan,nan
83.3,nan,nan
83.4,nan,nan
83.5,nan,nan
83.6,nan,nan
83.7,nan,nan
83.8,nan,nan
83.9,nan,nan
84.0,nan,nan
84.1,nan,nan
84.2,nan,nan
84.3,nan,nan
84.4,nan,nan
84.5,nan,nan
84.6,nan,nan
84.7,nan,nan
84.8,nan,nan
84.9,nan,nan
85.0,nan,nan
85.1,nan,nan
85.2,nan,nan
85.3,nan,nan
85.4,nan,nan
85.5,nan,nan
85.6,nan,nan
85.7,nan,nan
85.8,nan,nan
85.9,nan,nan
86.0,nan,nan
86.1,nan,nan
86.2,nan,nan
86.3,nan,nan
86.4,nan,nan
86.5,nan,nan
86.6,nan,nan
86.7,nan,nan
86.8,nan,nan
86.9,nan,nan
87.0,nan,nan
87.1,nan,nan
87.2,nan,nan
87.3,nan,nan
87.4,nan,nan
87.5,nan,nan
87.6,nan,nan
87.7,nan,nan
87.8,nan,nan
87.9,nan,nan
88.0,nan,nan
88.1,nan,nan
88.2,nan,nan
88.3,nan,nan
88.4,nan,nan
88.5,nan,nan
88.6,nan,nan
88.7,nan,nan
88.8,nan,nan
88.9,nan,nan
89.0,nan,nan
89.1,nan,nan
89.2,nan,nan
89.3,nan,nan
89.4,nan,nan
89.5,nan,nan
89.6,nan,nan
89.7,nan,nan
89.8,nan,nan
89.9,nan,nan
90.0,nan,nan
