PC_Latitude,I/F,Error
-90.0,nan,nan
-89.9,nan,nan
-89.8,nan,nan
-89.7,nan,nan
-89.6,nan,nan
-89.5,nan,nan
-89.4,nan,nan
-89.3,nan,nan
-89.2,nan,nan
-89.1,nan,nan
-89.0,nan,nan
-88.9,nan,nan
-88.8,nan,nan
-88.7,nan,nan
-88.6,nan,nan
-88.5,nan,nan
-88.4,nan,nan
-88.3,nan,nan
-88.2,nan,nan
-88.1,nan,nan
-88.0,nan,nan
-87.9,nan,nan
-87.8,nan,nan
-87.7,nan,nan
-87.6,nan,nan
-87.5,nan,nan
-87.4,nan,nan
-87.3,nan,nan
-87.2,nan,nan
-87.1,nan,nan
-87.0,nan,nan
-86.9,nan,nan
-86.8,nan,nan
-86.7,nan,nan
-86.6,nan,nan
-86.5,nan,nan
-86.4,nan,nan
-86.3,nan,nan
-86.2,nan,nan
-86.1,nan,nan
-86.0,nan,nan
-85.9,nan,nan
-85.8,nan,nan
-85.7,nan,nan
-85.6,nan,nan
-85.5,nan,nan
-85.4,nan,nan
-85.3,nan,nan
-85.2,nan,nan
-85.1,nan,nan
-85.0,nan,nan
-84.9,nan,nan
-84.8,nan,nan
-84.7,nan,nan
-84.6,nan,nan
-84.5,nan,nan
-84.4,nan,nan
-84.3,nan,nan
-84.2,nan,nan
-84.1,nan,nan
-84.0,nan,nan
-83.9,nan,nan
-83.8,nan,nan
-83.7,nan,nan
-83.6,nan,nan
-83.5,nan,nan
-83.4,nan,nan
-83.3,nan,nan
-83.2,nan,nan
-83.1,nan,nan
-83.0,nan,nan
-82.9,nan,nan
-82.8,nan,nan
-82.7,nan,nan
-82.6,nan,nan
-82.5,nan,nan
-82.4,nan,nan
-82.3,nan,nan
-82.2,nan,nan
-82.1,nan,nan
-82.0,nan,nan
-81.9,nan,nan
-81.8,nan,nan
-81.7,nan,nan
-81.6,nan,nan
-81.5,nan,nan
-81.4,nan,nan
-81.3,0.39281672,0.0091777425
-81.2,0.3921164,0.009407318
-81.1,0.39109856,0.0096283
-81.0,0.38988858,0.009933129
-80.9,0.38836834,0.010300654
-80.8,0.38678393,0.010779716
-80.7,0.3850024,0.011301964
-80.6,0.38285863,0.0117118405
-80.5,0.380403,0.011936122
-80.4,0.37773135,0.012031995
-80.3,0.3750521,0.012115353
-80.2,0.37242976,0.012178673
-80.1,0.36983505,0.0122702895
-80.0,0.36726764,0.012379747
-79.9,0.3647049,0.0124819735
-79.8,0.36222392,0.012568748
-79.7,0.35978317,0.012669234
-79.6,0.35736564,0.012769366
-79.5,0.3550055,0.012845331
-79.4,0.35267434,0.012935858
-79.3,0.35037127,0.013037017
-79.2,0.3481076,0.013125094
-79.1,0.34585547,0.013223595
-79.0,0.34361368,0.013328009
-78.9,0.34136727,0.01341958
-78.8,0.3391794,0.01350821
-78.7,0.33700702,0.0136089
-78.6,0.33481258,0.013702083
-78.5,0.33262274,0.013765408
-78.4,0.33042747,0.01381993
-78.3,0.3282543,0.013886587
-78.2,0.3260914,0.013952305
-78.1,0.32390317,0.014036201
-78.0,0.32168582,0.014123641
-77.9,0.31947103,0.014195769
-77.8,0.31728107,0.014293406
-77.7,0.31508797,0.014411619
-77.6,0.31287822,0.014522329
-77.5,0.31066227,0.014629551
-77.4,0.30845618,0.014737842
-77.3,0.3062507,0.0148632685
-77.2,0.3040528,0.014997771
-77.1,0.30184123,0.015139537
-77.0,0.29962298,0.015274512
-76.9,0.29743078,0.015410866
-76.8,0.29525533,0.015549962
-76.7,0.29308683,0.015663734
-76.6,0.29093564,0.015748763
-76.5,0.2888024,0.015827766
-76.4,0.28668442,0.015907984
-76.3,0.28457826,0.015963946
-76.2,0.28248158,0.01600141
-76.1,0.2803997,0.016024193
-76.0,0.27833483,0.016037235
-75.9,0.27628043,0.016032739
-75.8,0.27423602,0.015997902
-75.7,0.2722061,0.015934419
-75.6,0.27019408,0.01586954
-75.5,0.26818937,0.015796991
-75.4,0.2661853,0.01570041
-75.3,0.26418778,0.015593779
-75.2,0.26220444,0.015480066
-75.1,0.26023492,0.01535958
-75.0,0.25827637,0.015239806
-74.9,0.2563289,0.015117467
-74.8,0.25439695,0.014994633
-74.7,0.25248697,0.014865519
-74.6,0.25060022,0.014727696
-74.5,0.24873005,0.014576292
-74.4,0.24688157,0.0144334715
-74.3,0.24505337,0.014289634
-74.2,0.24324517,0.014146813
-74.1,0.2414553,0.0140092615
-74.0,0.23968779,0.013877408
-73.9,0.23793991,0.013751825
-73.8,0.23621969,0.0136376005
-73.7,0.23452778,0.013528785
-73.6,0.23285417,0.013421265
-73.5,0.23120905,0.013319938
-73.4,0.22959504,0.013218666
-73.3,0.2279919,0.013130755
-73.2,0.2264,0.013040162
-73.1,0.22481783,0.01294778
-73.0,0.22324714,0.012860223
-72.9,0.22168808,0.012778852
-72.8,0.22012863,0.012692998
-72.7,0.21857414,0.012610368
-72.6,0.21703249,0.012530624
-72.5,0.21549693,0.012446452
-72.4,0.21397626,0.012358427
-72.3,0.21247195,0.012258553
-72.2,0.21097092,0.012163402
-72.1,0.20948122,0.012069045
-72.0,0.20800267,0.01196672
-71.9,0.20653021,0.011866064
-71.8,0.20507102,0.011767733
-71.7,0.20361605,0.011670182
-71.6,0.20217207,0.011578105
-71.5,0.20074604,0.011478669
-71.4,0.19932875,0.011381113
-71.3,0.19792895,0.011286338
-71.2,0.1965459,0.011194652
-71.1,0.19516587,0.011113349
-71.0,0.19379723,0.011037145
-70.9,0.19243182,0.010968567
-70.8,0.1910645,0.010907728
-70.7,0.18970038,0.010849051
-70.6,0.18832633,0.0107973665
-70.5,0.18695407,0.010747934
-70.4,0.18558213,0.010691165
-70.3,0.18420373,0.010632081
-70.2,0.1828309,0.010574447
-70.1,0.18145825,0.0105154645
-70.0,0.18009473,0.010456599
-69.9,0.1787465,0.010395326
-69.8,0.17739761,0.010343183
-69.7,0.17606026,0.010291933
-69.6,0.17473224,0.010243062
-69.5,0.17341945,0.010195185
-69.4,0.172127,0.010142634
-69.3,0.17084168,0.010097475
-69.2,0.16957556,0.010051308
-69.1,0.1683174,0.0100046415
-69.0,0.16707642,0.009955586
-68.9,0.16585591,0.0098915845
-68.8,0.16464092,0.009825579
-68.7,0.16344072,0.009744077
-68.6,0.16224854,0.009652493
-68.5,0.16106613,0.009544351
-68.4,0.1598983,0.009417445
-68.3,0.15872724,0.009281758
-68.2,0.15756612,0.009132356
-68.1,0.15640065,0.008972224
-68.0,0.1552419,0.008805492
-67.9,0.1540916,0.008634929
-67.8,0.15294017,0.00846255
-67.7,0.15180212,0.00828234
-67.6,0.15066038,0.008109064
-67.5,0.14952484,0.0079378905
-67.4,0.14839235,0.0077749314
-67.3,0.14726989,0.0076183868
-67.2,0.1461627,0.007470331
-67.1,0.14505862,0.00734213
-67.0,0.14397053,0.0072276606
-66.9,0.1428916,0.0071478696
-66.8,0.14183037,0.007101887
-66.7,0.14077988,0.007105439
-66.6,0.13973352,0.0071583865
-66.5,0.13869083,0.0072516687
-66.4,0.13762778,0.0073953946
-66.3,0.13655372,0.0075669335
-66.2,0.1354387,0.007776324
-66.1,0.13428515,0.008006144
-66.0,0.1330826,0.008251127
-65.9,0.13182373,0.008513106
-65.8,0.13050514,0.008779505
-65.7,0.12911782,0.009054618
-65.6,0.1276584,0.009325476
-65.5,0.12612082,0.009594867
-65.4,0.124502674,0.009851452
-65.3,0.12279297,0.010100554
-65.2,0.12100802,0.010334582
-65.1,0.11912733,0.010558183
-65.0,0.11716383,0.010757326
-64.9,0.1151128,0.01093589
-64.8,0.11297626,0.011087609
-64.7,0.11077166,0.01121927
-64.6,0.10849615,0.011330919
-64.5,0.10617203,0.0114190485
-64.4,0.10380423,0.01149551
-64.3,0.10141105,0.011545717
-64.2,0.09899657,0.011581408
-64.1,0.09658375,0.011582227
-64.0,0.09417461,0.011560396
-63.9,0.09179931,0.011511133
-63.8,0.08946762,0.011427061
-63.7,0.08719841,0.0113151455
-63.6,0.08500879,0.011151956
-63.5,0.08290093,0.010956389
-63.4,0.08089103,0.010715546
-63.3,0.07898761,0.010438828
-63.2,0.07718931,0.010139887
-63.1,0.075516365,0.009813332
-63.0,0.07395947,0.009486766
-62.9,0.072525546,0.009154479
-62.8,0.0712159,0.008831058
-62.7,0.07001596,0.008522829
-62.6,0.0689447,0.008234219
-62.5,0.06797455,0.007981216
-62.4,0.06712509,0.0077527417
-62.3,0.066372864,0.007555389
-62.2,0.06571985,0.0073731015
-62.1,0.06514464,0.0071993587
-62.0,0.064639114,0.0070299623
-61.9,0.06418905,0.0068599656
-61.8,0.06378594,0.006691458
-61.7,0.06342009,0.006524123
-61.6,0.0630893,0.0063605597
-61.5,0.06278026,0.0062024076
-61.4,0.06249463,0.0060523846
-61.3,0.062219135,0.00590775
-61.2,0.061967164,0.005770897
-61.1,0.061731793,0.0056422255
-61.0,0.061523728,0.0055200933
-60.9,0.061326787,0.0054047755
-60.8,0.06114271,0.0052933167
-60.7,0.060952596,0.0051899254
-60.6,0.060757987,0.0050938795
-60.5,0.060547102,0.0050034565
-60.4,0.0603173,0.0049193236
-60.3,0.06005574,0.0048437966
-60.2,0.05975862,0.00477891
-60.1,0.059417706,0.00472246
-60.0,0.059041604,0.004674861
-59.9,0.0586288,0.00462553
-59.8,0.05819488,0.0045780176
-59.7,0.05774493,0.0045189676
-59.6,0.05729454,0.0044558872
-59.5,0.056854773,0.0043722577
-59.4,0.05643243,0.0042647077
-59.3,0.0560406,0.004130389
-59.2,0.05568364,0.003973984
-59.1,0.055375315,0.0038134586
-59.0,0.055123262,0.0036582416
-58.9,0.054938227,0.0035349636
-58.8,0.054830145,0.0034571018
-58.7,0.05479972,0.0034443815
-58.6,0.054859113,0.0034980848
-58.5,0.055003203,0.0036145125
-58.4,0.055240035,0.0037803657
-58.3,0.055544633,0.00397779
-58.2,0.055913933,0.004190962
-58.1,0.056314357,0.0044141305
-58.0,0.056744985,0.0046293805
-57.9,0.057176944,0.00483362
-57.8,0.05760269,0.005004791
-57.7,0.05800316,0.0051505445
-57.6,0.058368526,0.0052640024
-57.5,0.058698054,0.0053514224
-57.4,0.05898071,0.0054195337
-57.3,0.0592206,0.005467929
-57.2,0.05940854,0.0055090073
-57.1,0.059548706,0.005531949
-57.0,0.059640437,0.0055519636
-56.9,0.05968797,0.0055534174
-56.8,0.05969245,0.005547961
-56.7,0.059660684,0.0055189016
-56.6,0.05959521,0.005472792
-56.5,0.05950647,0.005400883
-56.4,0.059394263,0.0053056604
-56.3,0.059265144,0.00517773
-56.2,0.0591213,0.0050211004
-56.1,0.058963105,0.0048339237
-56.0,0.058797978,0.0046310863
-55.9,0.05862039,0.004406182
-55.8,0.058437098,0.004169551
-55.7,0.058241505,0.00391715
-55.6,0.058034904,0.0036646682
-55.5,0.05781692,0.0034206035
-55.4,0.05759077,0.0032041704
-55.3,0.057366103,0.0030296016
-55.2,0.057152532,0.0029045045
-55.1,0.056956287,0.0028280716
-55.0,0.056785215,0.0027930622
-54.9,0.056637354,0.0027870792
-54.8,0.05651709,0.0027979452
-54.7,0.0564223,0.0028132573
-54.6,0.056355193,0.0028263947
-54.5,0.056310263,0.0028356358
-54.4,0.05628359,0.0028392354
-54.3,0.056266047,0.0028374866
-54.2,0.056258548,0.0028353406
-54.1,0.056261107,0.002845026
-54.0,0.056274936,0.0028685671
-53.9,0.05629899,0.0029057069
-53.8,0.056327,0.0029280959
-53.7,0.05636021,0.0029419374
-53.6,0.056402944,0.002952411
-53.5,0.05646035,0.0029815407
-53.4,0.05653439,0.0030311374
-53.3,0.056620624,0.0030948427
-53.2,0.056710552,0.0031609724
-53.1,0.056799073,0.0032292483
-53.0,0.056870356,0.0032848392
-52.9,0.0569206,0.0033358694
-52.8,0.056941662,0.003359616
-52.7,0.056946155,0.0033707777
-52.6,0.056934435,0.0033569238
-52.5,0.056923874,0.0033388974
-52.4,0.056909338,0.003312927
-52.3,0.056897562,0.0032903072
-52.2,0.05687291,0.0032663161
-52.1,0.056835756,0.0032332852
-52.0,0.056777604,0.0031930793
-51.9,0.056704756,0.0031342632
-51.8,0.05662,0.0030740434
-51.7,0.056535028,0.0030120604
-51.6,0.05644966,0.0029673616
-51.5,0.056364387,0.0029332887
-51.4,0.056274846,0.0029145074
-51.3,0.056179218,0.0028992982
-51.2,0.056081966,0.0028914507
-51.1,0.055989195,0.0028881985
-51.0,0.05591072,0.0029002586
-50.9,0.0558561,0.0029332088
-50.8,0.05582727,0.0029889687
-50.7,0.05581922,0.0030635863
-50.6,0.055818915,0.0031432156
-50.5,0.055818304,0.0032038686
-50.4,0.05581661,0.0032417222
-50.3,0.055814248,0.0032552877
-50.2,0.055817984,0.0032689187
-50.1,0.055829484,0.003288298
-50.0,0.055848792,0.0033150509
-49.9,0.055870175,0.0033268842
-49.8,0.055891547,0.0033085928
-49.7,0.055919275,0.0032473346
-49.6,0.05596367,0.0031587393
-49.5,0.056047887,0.00306855
-49.4,0.056189757,0.0030148495
-49.3,0.056399107,0.0030150285
-49.2,0.05667432,0.0030673419
-49.1,0.05699957,0.0031504377
-49.0,0.05736162,0.0032453714
-48.9,0.05773634,0.0033345823
-48.8,0.058116,0.0034072967
-48.7,0.058490317,0.0034550573
-48.6,0.05885677,0.0034735326
-48.5,0.059196237,0.0034650802
-48.4,0.0594963,0.0034293067
-48.3,0.059747633,0.0033757475
-48.2,0.059948333,0.0033049018
-48.1,0.060104836,0.0032346926
-48.0,0.06021817,0.003176051
-47.9,0.060300622,0.0031419038
-47.8,0.06035446,0.0031342062
-47.7,0.0603898,0.0031430055
-47.6,0.060407158,0.0031726507
-47.5,0.06040961,0.00322042
-47.4,0.060391884,0.0032897275
-47.3,0.060353655,0.0033677325
-47.2,0.060288586,0.0034433461
-47.1,0.060202494,0.0035142398
-47.0,0.06009742,0.0035849006
-46.9,0.059981044,0.003661201
-46.8,0.059853233,0.0037466774
-46.7,0.059720814,0.0038417212
-46.6,0.05958993,0.0039446396
-46.5,0.059469216,0.004052125
-46.4,0.059361525,0.0041609146
-46.3,0.059262652,0.004267291
-46.2,0.05916481,0.0043678856
-46.1,0.059064317,0.004457312
-46.0,0.058965687,0.0045311265
-45.9,0.05887508,0.0045835613
-45.8,0.05880058,0.0046109823
-45.7,0.05874716,0.004614533
-45.6,0.058711037,0.004598731
-45.5,0.05868106,0.0045682234
-45.4,0.05864413,0.0045260265
-45.3,0.05859805,0.0044730846
-45.2,0.05853964,0.0044071684
-45.1,0.05847836,0.0043299487
-45.0,0.058415007,0.004244089
-44.9,0.05835573,0.004162172
-44.8,0.05829818,0.0040957616
-44.7,0.05824393,0.004056924
-44.6,0.05818822,0.004047943
-44.5,0.05813085,0.0040636207
-44.4,0.058068745,0.0040918114
-44.3,0.05800629,0.004122466
-44.2,0.057938885,0.00415131
-44.1,0.05786483,0.00418209
-44.0,0.057781868,0.0042224987
-43.9,0.05769411,0.00428013
-43.8,0.05760503,0.004358424
-43.7,0.057516545,0.0044451463
-43.6,0.05742186,0.0045174295
-43.5,0.05731787,0.0045563364
-43.4,0.057198267,0.004556372
-43.3,0.057066344,0.004529975
-43.2,0.056926377,0.004492201
-43.1,0.056785442,0.0044545527
-43.0,0.056646246,0.004412331
-42.9,0.0565088,0.0043566725
-42.8,0.05637762,0.0042807646
-42.7,0.056263648,0.0041822945
-42.6,0.056173254,0.004061431
-42.5,0.056105584,0.0039175833
-42.4,0.056051694,0.0037606088
-42.3,0.05601101,0.003601515
-42.2,0.055985212,0.0034614024
-42.1,0.055974554,0.0033590111
-42.0,0.05597947,0.0033087246
-41.9,0.055993136,0.0033154106
-41.8,0.05601417,0.0033690024
-41.7,0.056024812,0.003447572
-41.6,0.056011423,0.00352769
-41.5,0.055956587,0.0035773306
-41.4,0.05585784,0.0035817332
-41.3,0.055721596,0.0035396244
-41.2,0.05556188,0.0034697303
-41.1,0.055391856,0.0033912796
-41.0,0.05522545,0.0033195345
-40.9,0.055070505,0.0032669818
-40.8,0.054934833,0.003241728
-40.7,0.054823168,0.0032415518
-40.6,0.0547445,0.0032646682
-40.5,0.054709036,0.0033047956
-40.4,0.054726627,0.0033579932
-40.3,0.05479734,0.0034142653
-40.2,0.05491855,0.003469065
-40.1,0.055088054,0.0035208086
-40.0,0.055313747,0.0035741797
-39.9,0.0555995,0.0036340847
-39.8,0.05594909,0.0037071218
-39.7,0.05636173,0.0037961248
-39.6,0.056830317,0.0038953815
-39.5,0.057333674,0.0039926097
-39.4,0.05784352,0.0040739086
-39.3,0.0583372,0.004130247
-39.2,0.058798425,0.0041573513
-39.1,0.059222143,0.0041617095
-39.0,0.059608847,0.0041485466
-38.9,0.05996414,0.004124187
-38.8,0.060297426,0.0041011903
-38.7,0.060617637,0.0040933206
-38.6,0.0609358,0.004110234
-38.5,0.06125032,0.0041641016
-38.4,0.06156504,0.0042715915
-38.3,0.061878208,0.0044485345
-38.2,0.06219391,0.0046981494
-38.1,0.06251224,0.0050107823
-38.0,0.06283297,0.0053655324
-37.9,0.06315139,0.0057313847
-37.8,0.06345768,0.0060836766
-37.7,0.06374025,0.0064052413
-37.6,0.06399366,0.00668686
-37.5,0.06422005,0.006926373
-37.4,0.06442474,0.0071232007
-37.3,0.064605206,0.007280133
-37.2,0.0647538,0.0073959073
-37.1,0.06486578,0.007464627
-37.0,0.064943425,0.007475974
-36.9,0.06499138,0.007421822
-36.8,0.06501113,0.0072996756
-36.7,0.065000564,0.007118034
-36.6,0.06495031,0.0068830815
-36.5,0.06486112,0.006606573
-36.4,0.06473651,0.0063001323
-36.3,0.06458614,0.005986595
-36.2,0.064413875,0.0056898966
-36.1,0.064221136,0.005423817
-36.0,0.06400846,0.005186964
-35.9,0.06377796,0.0049699605
-35.8,0.06353045,0.0047601704
-35.7,0.06326531,0.0045522572
-35.6,0.06298539,0.0043463483
-35.5,0.06269728,0.004160806
-35.4,0.062410746,0.0040165973
-35.3,0.062127676,0.00392656
-35.2,0.06185448,0.0038908173
-35.1,0.061596,0.0039045133
-35.0,0.06136586,0.0039540054
-34.9,0.061173048,0.0040300437
-34.8,0.061028086,0.004129092
-34.7,0.060929134,0.004257506
-34.6,0.060871527,0.004416221
-34.5,0.06084074,0.0045873765
-34.4,0.060827527,0.0047433525
-34.3,0.06083197,0.004853146
-34.2,0.06086892,0.004906639
-34.1,0.060955383,0.0049128234
-34.0,0.06109761,0.0049051074
-33.9,0.061286777,0.0049150325
-33.8,0.0614968,0.0049568424
-33.7,0.06169916,0.0050259777
-33.6,0.061875653,0.0051070764
-33.5,0.06203262,0.0051874514
-33.4,0.06218261,0.005251067
-33.3,0.06233232,0.005290123
-33.2,0.062485896,0.005306529
-33.1,0.06264536,0.0053114793
-33.0,0.06281164,0.0053107943
-32.9,0.06298513,0.005303176
-32.8,0.063174054,0.005282113
-32.7,0.06338741,0.005239807
-32.6,0.06362715,0.0051736063
-32.5,0.0638948,0.005087072
-32.4,0.06419619,0.0050015827
-32.3,0.064531624,0.0049294154
-32.2,0.0648997,0.004885038
-32.1,0.06530083,0.004871083
-32.0,0.06574528,0.0048910277
-31.9,0.066233605,0.00493754
-31.8,0.06675782,0.0049998844
-31.7,0.06730051,0.005072608
-31.6,0.06785369,0.0051567373
-31.5,0.06842006,0.005253798
-31.4,0.06901159,0.0053635705
-31.3,0.06963291,0.0054749846
-31.2,0.07027984,0.005574229
-31.1,0.070943296,0.005638377
-31.0,0.07161234,0.0056469967
-30.9,0.07226483,0.005587884
-30.8,0.072870255,0.005473456
-30.7,0.073397666,0.0053342665
-30.6,0.07383493,0.0052054552
-30.5,0.0741856,0.005109297
-30.4,0.07446394,0.0050547603
-30.3,0.07468119,0.0050371885
-30.2,0.074839704,0.0050510084
-30.1,0.07502197,0.005042734
-30.0,0.07515441,0.005015016
-29.9,0.075219326,0.0049561593
-29.8,0.07510324,0.004929233
-29.7,0.07489265,0.004915644
-29.6,0.0746173,0.0049174614
-29.5,0.074319,0.004932464
-29.4,0.074015744,0.004940532
-29.3,0.07371088,0.004940371
-29.2,0.073403955,0.0049160738
-29.1,0.07310595,0.0048789717
-29.0,0.07283269,0.0048279464
-28.9,0.07259281,0.004759449
-28.8,0.072387025,0.0046656616
-28.7,0.072210185,0.004540603
-28.6,0.07206811,0.004399189
-28.5,0.07196542,0.0042610746
-28.4,0.07190302,0.0041439068
-28.3,0.07186562,0.0040516476
-28.2,0.07183756,0.0039796284
-28.1,0.0718051,0.003913327
-28.0,0.071767755,0.003837195
-27.9,0.071727045,0.003753224
-27.8,0.07169317,0.0036817957
-27.7,0.071669,0.0036414412
-27.6,0.071660765,0.00363739
-27.5,0.07167534,0.0036594244
-27.4,0.071722254,0.003693731
-27.3,0.07180786,0.003724845
-27.2,0.071929134,0.0037385868
-27.1,0.07208386,0.003735174
-27.0,0.07226909,0.0037187971
-26.9,0.07248653,0.0037014768
-26.8,0.07273496,0.0036911375
-26.7,0.0730104,0.0036934756
-26.6,0.07330459,0.0037082678
-26.5,0.073610455,0.003730187
-26.4,0.07392595,0.003752299
-26.3,0.07424589,0.0037698613
-26.2,0.074564666,0.0037866186
-26.1,0.0748751,0.0038088032
-26.0,0.075181074,0.0038355186
-25.9,0.07547988,0.0038570059
-25.8,0.07576781,0.0038625214
-25.7,0.076035075,0.0038503713
-25.6,0.076278485,0.0038256238
-25.5,0.07649651,0.0037943132
-25.4,0.07668633,0.0037589427
-25.3,0.07683688,0.0037167727
-25.2,0.07694208,0.0036672554
-25.1,0.077004746,0.0036145805
-25.0,0.07703312,0.0035665128
-24.9,0.07703471,0.003534608
-24.8,0.07701228,0.0035218452
-24.7,0.076977395,0.0035267998
-24.6,0.076940075,0.0035400449
-24.5,0.07691091,0.0035505746
-24.4,0.07689594,0.0035417897
-24.3,0.07689459,0.0035074393
-24.2,0.07689825,0.0034537788
-24.1,0.07690094,0.0033988166
-24.0,0.07691315,0.0033690159
-23.9,0.076955155,0.0033881227
-23.8,0.07704807,0.0034595737
-23.7,0.077206306,0.0035621587
-23.6,0.07744742,0.0036657904
-23.5,0.07779194,0.0037582691
-23.4,0.07824768,0.0038415731
-23.3,0.07880758,0.0039235256
-23.2,0.07945264,0.004013747
-23.1,0.08014705,0.004110482
-23.0,0.08086295,0.004213168
-22.9,0.0815773,0.0043177395
-22.8,0.082287766,0.0044224435
-22.7,0.08298965,0.0045180093
-22.6,0.083675735,0.004589375
-22.5,0.08435438,0.0046244957
-22.4,0.085038185,0.004621021
-22.3,0.08573583,0.0045890184
-22.2,0.08642887,0.004535971
-22.1,0.087076746,0.0044708773
-22.0,0.08764932,0.004405473
-21.9,0.08812828,0.0043549663
-21.8,0.08851801,0.0043253666
-21.7,0.08881632,0.0043182243
-21.6,0.08902615,0.0043227435
-21.5,0.08915402,0.0043201507
-21.4,0.08921144,0.0043070717
-21.3,0.089208215,0.004297561
-21.2,0.08914238,0.0043136273
-21.1,0.08900934,0.004368942
-21.0,0.08880498,0.004459888
-20.9,0.088545345,0.0045718537
-20.8,0.08825452,0.0046816515
-20.7,0.08796173,0.004766089
-20.6,0.08768887,0.004812585
-20.5,0.08743839,0.0048215766
-20.4,0.08720478,0.0048070718
-20.3,0.08697912,0.0047932486
-20.2,0.0867696,0.004793117
-20.1,0.08658384,0.004809714
-20.0,0.08643495,0.004823539
-19.9,0.0863337,0.0048259036
-19.8,0.08629578,0.004830182
-19.7,0.0863119,0.0048740697
-19.6,0.08636478,0.005002889
-19.5,0.086430766,0.0052322606
-19.4,0.08650705,0.0055280747
-19.3,0.08658324,0.0058234036
-19.2,0.086651325,0.006050795
-19.1,0.086691506,0.006179296
-19.0,0.08669162,0.006210617
-18.9,0.086630344,0.0061847027
-18.8,0.0864964,0.0061407993
-18.7,0.086271375,0.0060963235
-18.6,0.085949615,0.0060388134
-18.5,0.085529216,0.005970881
-18.4,0.08503066,0.005919317
-18.3,0.08446726,0.0059113903
-18.2,0.0838478,0.005941007
-18.1,0.083170906,0.005980355
-18.0,0.08245647,0.0060046497
-17.9,0.08174425,0.0060058176
-17.8,0.08107778,0.0059930882
-17.7,0.080478884,0.0059857336
-17.6,0.079938546,0.005991151
-17.5,0.07943677,0.006003062
-17.4,0.07895141,0.006017631
-17.3,0.07847382,0.0060482402
-17.2,0.078000106,0.0061157113
-17.1,0.07753563,0.0062232753
-17.0,0.07707902,0.006359628
-16.9,0.07662628,0.00650729
-16.8,0.076169275,0.0066538355
-16.7,0.07570087,0.0067894724
-16.6,0.07522658,0.0069073327
-16.5,0.07475787,0.007011739
-16.4,0.0743135,0.007109713
-16.3,0.07390329,0.007207397
-16.2,0.073527455,0.0073067895
-16.1,0.073181085,0.0074116373
-16.0,0.072859466,0.0075299754
-15.9,0.072569005,0.007662405
-15.8,0.07230989,0.0078021637
-15.7,0.072074965,0.007935038
-15.6,0.07184835,0.008050846
-15.5,0.071615025,0.008146103
-15.4,0.07136534,0.008211565
-15.3,0.07110134,0.008237128
-15.2,0.07083738,0.008218919
-15.1,0.070592895,0.008167748
-15.0,0.07037738,0.00809262
-14.9,0.07018293,0.007986935
-14.8,0.06999807,0.007849409
-14.7,0.06981881,0.0076930975
-14.6,0.06965284,0.0075479015
-14.5,0.06950427,0.007443542
-14.4,0.06937252,0.0073983218
-14.3,0.06926125,0.0074230162
-14.2,0.06918243,0.0075153564
-14.1,0.06914628,0.0076597594
-14.0,0.06914613,0.007831038
-13.9,0.06915664,0.008001647
-13.8,0.069133654,0.008126157
-13.7,0.0690419,0.00816443
-13.6,0.06886585,0.008096893
-13.5,0.06862051,0.007954472
-13.4,0.06834594,0.0078023374
-13.3,0.068088934,0.007700137
-13.2,0.06788727,0.0076732626
-13.1,0.06775072,0.0076975045
-13.0,0.067667946,0.007732223
-12.9,0.06761965,0.0077511235
-12.8,0.067592636,0.007749093
-12.7,0.067578524,0.0077403183
-12.6,0.067577705,0.007738533
-12.5,0.06758173,0.0077371025
-12.4,0.06757997,0.00771723
-12.3,0.06755591,0.0076655797
-12.2,0.067504756,0.0075899153
-12.1,0.06743485,0.0075078825
-12.0,0.06736433,0.0074437787
-11.9,0.06731399,0.0074273963
-11.8,0.06730067,0.007469091
-11.7,0.06733451,0.007556779
-11.6,0.06740637,0.007673096
-11.5,0.067496724,0.007812726
-11.4,0.06758563,0.007972896
-11.3,0.06767563,0.008141121
-11.2,0.067777604,0.008305199
-11.1,0.0678926,0.008464953
-11.0,0.06799871,0.008618597
-10.9,0.06806774,0.008751176
-10.8,0.06808412,0.008834615
-10.7,0.068047084,0.008851928
-10.6,0.067960545,0.00879316
-10.5,0.06782101,0.008658423
-10.4,0.06762976,0.008460017
-10.3,0.06740617,0.0082415985
-10.2,0.067188814,0.008065902
-10.1,0.06708651,0.007916446
-10.0,0.06705031,0.007860034
-9.9,0.06706202,0.007853574
-9.8,0.06702666,0.007908205
-9.7,0.06698471,0.007941582
-9.6,0.06692649,0.00795256
-9.5,0.0668394,0.007926735
-9.4,0.0667366,0.007866084
-9.3,0.066619955,0.007747554
-9.2,0.06649214,0.007580879
-9.1,0.066325545,0.0073699704
-9.0,0.06610732,0.0071417456
-8.9,0.065836586,0.006911286
-8.8,0.06552759,0.0066759894
-8.7,0.065195926,0.0064261183
-8.6,0.064857304,0.0061548008
-8.5,0.06452726,0.005867953
-8.4,0.06422445,0.005584066
-8.3,0.06396634,0.005330764
-8.2,0.06376244,0.0051345048
-8.1,0.063618384,0.0050049126
-8.0,0.06354652,0.0049322876
-7.9,0.063575044,0.004910313
-7.8,0.063736305,0.0049530454
-7.7,0.06404736,0.005075807
-7.6,0.06449072,0.005282631
-7.5,0.06501973,0.0055726776
-7.4,0.065581776,0.005950265
-7.3,0.06614071,0.006395484
-7.2,0.0666848,0.0068611545
-7.1,0.0672227,0.0072879503
-7.0,0.06777212,0.0076304195
-6.9,0.06834479,0.007861347
-6.8,0.06893751,0.007959816
-6.7,0.06953398,0.007925471
-6.6,0.07012104,0.0077665425
-6.5,0.07068939,0.007519141
-6.4,0.071248055,0.007226238
-6.3,0.07181066,0.0069373315
-6.2,0.07240633,0.0066829007
-6.1,0.07306633,0.0064754873
-6.0,0.07381703,0.0063242894
-5.9,0.074665226,0.006248986
-5.8,0.07560233,0.0062681334
-5.7,0.07662758,0.0063784188
-5.6,0.077750996,0.00654828
-5.5,0.078972116,0.0067444704
-5.4,0.08026517,0.00694966
-5.3,0.081589565,0.007177749
-5.2,0.08290109,0.0074446374
-5.1,0.08417037,0.007745864
-5.0,0.08538282,0.008050773
-4.9,0.08653668,0.008326059
-4.8,0.08763387,0.008559563
-4.7,0.088682376,0.0087602
-4.6,0.089693315,0.0089383405
-4.5,0.090673685,0.009097922
-4.4,0.091622084,0.00923085
-4.3,0.09253454,0.009319023
-4.2,0.09340497,0.0093451915
-4.1,0.094222315,0.009308196
-4.0,0.09497507,0.00922187
-3.9,0.095658936,0.009105175
-3.8,0.096288495,0.008975173
-3.7,0.09688868,0.008845128
-3.6,0.09748968,0.008721418
-3.5,0.09810736,0.008600144
-3.4,0.098746724,0.008471246
-3.3,0.09940645,0.008329022
-3.2,0.10007969,0.008178956
-3.1,0.10075691,0.008017304
-3.0,0.10142288,0.00782509
-2.9,0.10205828,0.0075807567
-2.8,0.102644324,0.007286001
-2.7,0.10316513,0.006965323
-2.6,0.10361793,0.006650718
-2.5,0.10401163,0.006368765
-2.4,0.104364805,0.0061432044
-2.3,0.10469997,0.0059860977
-2.2,0.1050353,0.005894711
-2.1,0.10537564,0.0058563575
-2.0,0.10571284,0.0058517554
-1.9,0.10604213,0.0058600386
-1.8,0.10637087,0.005858312
-1.7,0.10670968,0.0058337436
-1.6,0.10706495,0.005786909
-1.5,0.10743716,0.00572422
-1.4,0.10782275,0.0056557064
-1.3,0.108210735,0.0055879047
-1.2,0.10858561,0.005527609
-1.1,0.10893252,0.0054718414
-1.0,0.10924025,0.005413644
-0.9,0.109500825,0.005349854
-0.8,0.109708115,0.0052774646
-0.7,0.10985571,0.0051929406
-0.6,0.10993883,0.005089147
-0.5,0.10995929,0.0049564564
-0.4,0.109932974,0.0047913454
-0.3,0.10988574,0.004608064
-0.2,0.10983878,0.0044346103
-0.1,0.10979674,0.0042945943
-0.0,0.1097489,0.004190696
0.1,0.10968031,0.004120005
0.2,0.10958973,0.0040819854
0.3,0.1094831,0.0040764334
0.4,0.109363094,0.0040825107
0.5,0.109235,0.004080683
0.6,0.10911962,0.004073398
0.7,0.10904395,0.004085434
0.8,0.10902538,0.0041366117
0.9,0.10906687,0.004221538
1.0,0.109170884,0.00433489
1.1,0.10933612,0.004469423
1.2,0.10956029,0.0046142223
1.3,0.109845035,0.004759485
1.4,0.11018521,0.004895538
1.5,0.110562384,0.0050226795
1.6,0.110941485,0.0051409598
1.7,0.11128997,0.005249178
1.8,0.11159019,0.0053396984
1.9,0.111848675,0.0054081795
2.0,0.11208279,0.005450577
2.1,0.11230535,0.0054639135
2.2,0.11252157,0.0054421667
2.3,0.11273193,0.0053917845
2.4,0.112941965,0.0053357254
2.5,0.11314665,0.0053063775
2.6,0.113337584,0.005323879
2.7,0.113499075,0.0053855493
2.8,0.113620065,0.005481869
2.9,0.11369876,0.005610708
3.0,0.113743834,0.005771004
3.1,0.11377453,0.005953866
3.2,0.113806546,0.0061430945
3.3,0.11383903,0.006324909
3.4,0.113867015,0.0064957934
3.5,0.1138824,0.006658858
3.6,0.11389159,0.0068251006
3.7,0.11390535,0.007006161
3.8,0.1139289,0.007208308
3.9,0.11395318,0.007427423
4.0,0.11395926,0.0076542357
4.1,0.113937594,0.007883631
4.2,0.11389382,0.008118947
4.3,0.11383478,0.008355552
4.4,0.11376738,0.0085922405
4.5,0.11377948,0.008765475
4.6,0.1137766,0.008946748
4.7,0.11374941,0.009155763
4.8,0.113582134,0.009457162
4.9,0.11336584,0.009801827
5.0,0.11311388,0.010154923
5.1,0.112860404,0.010478474
5.2,0.112616524,0.010749688
5.3,0.11236707,0.010971562
5.4,0.11208541,0.011157346
5.5,0.11176087,0.011325734
5.6,0.11138422,0.01148658
5.7,0.11095481,0.011639662
5.8,0.11048338,0.011776638
5.9,0.109987624,0.01188851
6.0,0.10947007,0.011973115
6.1,0.108924754,0.0120301
6.2,0.10835215,0.012064865
6.3,0.107768886,0.012090935
6.4,0.10718401,0.012125552
6.5,0.106588095,0.012179472
6.6,0.105957046,0.0122463675
6.7,0.10527545,0.012311104
6.8,0.104538076,0.012358012
6.9,0.10374537,0.012375834
7.0,0.10290244,0.012349249
7.1,0.10201946,0.012263677
7.2,0.10112404,0.012113908
7.3,0.100251414,0.011907968
7.4,0.09942413,0.011666563
7.5,0.098643035,0.011407348
7.6,0.09788262,0.011139338
7.7,0.09711452,0.010864113
7.8,0.096325815,0.010583451
7.9,0.095522165,0.01030493
8.0,0.09471697,0.010034141
8.1,0.09391214,0.0097613465
8.2,0.093102254,0.00946825
8.3,0.09227582,0.009142731
8.4,0.09141356,0.008788859
8.5,0.090495564,0.00842861
8.6,0.08951465,0.008095118
8.7,0.088488914,0.007818674
8.8,0.0874495,0.0076135173
8.9,0.0864235,0.007477641
9.0,0.085423484,0.0073967734
9.1,0.08445104,0.0073496085
9.2,0.08350522,0.0073272693
9.3,0.0825759,0.0073242835
9.4,0.08165135,0.0073299566
9.5,0.08072668,0.0073205754
9.6,0.079814315,0.007278284
9.7,0.07892449,0.007205532
9.8,0.07806133,0.007127403
9.9,0.07722613,0.007065302
10.0,0.07642605,0.0070324494
10.1,0.07567025,0.007024416
10.2,0.074954964,0.007029683
10.3,0.07427024,0.0070316675
10.4,0.07360838,0.007018935
10.5,0.07296907,0.006996316
10.6,0.07236216,0.0069809253
10.7,0.07179882,0.006988041
10.8,0.07128771,0.0070151
10.9,0.07083395,0.007044692
11.0,0.070434466,0.007067456
11.1,0.07008364,0.007083423
11.2,0.06977525,0.007091584
11.3,0.06950667,0.0070904065
11.4,0.06927338,0.007081547
11.5,0.06906455,0.007070548
11.6,0.068873666,0.0070576607
11.7,0.06870076,0.0070473463
11.8,0.068546765,0.007047902
11.9,0.068406284,0.0070559257
12.0,0.06827413,0.0070571783
12.1,0.068150274,0.007038778
12.2,0.068042606,0.0070108203
12.3,0.06796349,0.006990808
12.4,0.06791905,0.006993115
12.5,0.06790798,0.007015989
12.6,0.06792628,0.0070655337
12.7,0.06797775,0.0071601286
12.8,0.068067215,0.007324527
12.9,0.06819231,0.0075625326
13.0,0.06833684,0.00783904
13.1,0.06847761,0.008087357
13.2,0.06860054,0.0082466295
13.3,0.06871296,0.008288059
13.4,0.06883549,0.008227207
13.5,0.06898676,0.008102818
13.6,0.06917976,0.007960847
13.7,0.06942676,0.007835458
13.8,0.069732234,0.007739876
13.9,0.0700898,0.0076688
14.0,0.070487335,0.0076126927
14.1,0.07091388,0.0075643305
14.2,0.07136048,0.007521697
14.3,0.07181716,0.0074847657
14.4,0.07227894,0.007451949
14.5,0.07274235,0.0074218125
14.6,0.07320609,0.0073905624
14.7,0.07367082,0.007359875
14.8,0.074148364,0.007337074
14.9,0.07465246,0.007329444
15.0,0.07518858,0.007333648
15.1,0.075748034,0.007337648
15.2,0.07632374,0.0073361006
15.3,0.07692531,0.0073297075
15.4,0.07755578,0.00732152
15.5,0.07821209,0.007306129
15.6,0.0788741,0.007273049
15.7,0.07953491,0.0072099753
15.8,0.080192916,0.007116001
15.9,0.08085655,0.007005637
16.0,0.08153384,0.0069038165
16.1,0.08223457,0.006829861
16.2,0.08296648,0.0067922077
16.3,0.08373388,0.006789271
16.4,0.08453625,0.00681522
16.5,0.085366406,0.0068596434
16.6,0.08621212,0.0069063776
16.7,0.08705417,0.006936914
16.8,0.08787951,0.0069382056
16.9,0.08868273,0.006906771
17.0,0.08945936,0.006842888
17.1,0.090203345,0.0067506824
17.2,0.09090931,0.0066355728
17.3,0.091586925,0.006512344
17.4,0.092258856,0.006405048
17.5,0.09294918,0.0063353665
17.6,0.0936852,0.006317176
17.7,0.094489105,0.00634534
17.8,0.09538513,0.0063924836
17.9,0.096378185,0.0064182053
18.0,0.09744614,0.0063889255
18.1,0.09855075,0.0062945466
18.2,0.099661864,0.0061517535
18.3,0.10077072,0.0060006618
18.4,0.101877324,0.0058849715
18.5,0.10295811,0.0058268113
18.6,0.10398894,0.0058217132
18.7,0.104956545,0.00586032
18.8,0.105877824,0.0059296954
18.9,0.10677895,0.0060159643
19.0,0.1076849,0.006100453
19.1,0.1086085,0.006161522
19.2,0.109543696,0.006178879
19.3,0.11046213,0.006138717
19.4,0.1113253,0.0060380134
19.5,0.11209609,0.0058903154
19.6,0.11274201,0.0057287407
19.7,0.11322728,0.0055874977
19.8,0.113520645,0.005487771
19.9,0.11358678,0.0054285047
20.0,0.11341811,0.005394805
20.1,0.11303067,0.0053733266
20.2,0.112469725,0.0053544487
20.3,0.11179036,0.0053398707
20.4,0.111027665,0.0053246203
20.5,0.11020828,0.005305848
20.6,0.1093532,0.005275512
20.7,0.10848491,0.005244684
20.8,0.10761826,0.0052206586
20.9,0.10674936,0.005204782
21.0,0.105874166,0.0051942742
21.1,0.10498385,0.0051829955
21.2,0.1040671,0.0051718657
21.3,0.103094116,0.005166427
21.4,0.10203208,0.005171833
21.5,0.10085455,0.0051820474
21.6,0.09955109,0.005185546
21.7,0.09812052,0.00517818
21.8,0.09656808,0.0051550413
21.9,0.09491428,0.0051071127
22.0,0.09320821,0.0050210515
22.1,0.0915288,0.00488945
22.2,0.08994647,0.004727385
22.3,0.08849319,0.004559782
22.4,0.087161876,0.004398023
22.5,0.08593726,0.0042440505
22.6,0.084808506,0.0041072792
22.7,0.08376875,0.0040046303
22.8,0.08281076,0.003945508
22.9,0.081947505,0.003914017
23.0,0.08119323,0.0038834016
23.1,0.08056197,0.0038319104
23.2,0.08004604,0.0037563292
23.3,0.079630956,0.0036675637
23.4,0.079303086,0.0035825896
23.5,0.07905034,0.0035065936
23.6,0.078859486,0.0034389824
23.7,0.07871229,0.0033796239
23.8,0.078589946,0.003334861
23.9,0.078479856,0.0033047153
24.0,0.078379214,0.0032872434
24.1,0.07828942,0.0032723085
24.2,0.07821135,0.0032525975
24.3,0.078141436,0.0032235563
24.4,0.07807446,0.0031914474
24.5,0.07800234,0.003169179
24.6,0.07793878,0.003159041
24.7,0.07788345,0.0031507863
24.8,0.077833295,0.0031314415
24.9,0.077775456,0.0030968548
25.0,0.07770219,0.003059096
25.1,0.07760002,0.0030333635
25.2,0.07745874,0.0030331626
25.3,0.077278696,0.0030477634
25.4,0.077071436,0.0030630298
25.5,0.07685108,0.0030744423
25.6,0.076630935,0.003094857
25.7,0.07642072,0.0031369498
25.8,0.07622852,0.0032008335
25.9,0.07605381,0.0032710116
26.0,0.07589525,0.0033318547
26.1,0.075746216,0.0033665907
26.2,0.075606614,0.003376694
26.3,0.0754844,0.0033830404
26.4,0.07539387,0.0034121235
26.5,0.07535202,0.003475692
26.6,0.0753671,0.003568601
26.7,0.07543525,0.0036899336
26.8,0.075537,0.0038376788
26.9,0.0756525,0.003990275
27.0,0.07576566,0.0040771076
27.1,0.07587636,0.004077605
27.2,0.07599696,0.0040181736
27.3,0.07615091,0.0039770007
27.4,0.0763565,0.0039867447
27.5,0.07661426,0.0040269764
27.6,0.076913185,0.004074021
27.7,0.07723389,0.0041092434
27.8,0.07756269,0.0041409805
27.9,0.077887654,0.004179865
28.0,0.078198686,0.004235437
28.1,0.07849333,0.004301705
28.2,0.0787735,0.004358527
28.3,0.07904453,0.004381938
28.4,0.07929885,0.004351448
28.5,0.07952907,0.004260858
28.6,0.07973057,0.004129934
28.7,0.07990872,0.0039951964
28.8,0.0800682,0.0038883053
28.9,0.08020398,0.0038143448
29.0,0.08030543,0.0037616005
29.1,0.080370255,0.003719797
29.2,0.08040561,0.0036839428
29.3,0.08042069,0.0036563103
29.4,0.08042152,0.0036414056
29.5,0.08040666,0.0036380512
29.6,0.08037115,0.0036444846
29.7,0.08029852,0.00366238
29.8,0.08018326,0.003695097
29.9,0.08002468,0.0037375242
30.0,0.0798365,0.0037727996
30.1,0.0796341,0.0037886878
30.2,0.079440214,0.0037800071
30.3,0.07926098,0.0037485647
30.4,0.079097115,0.0036974573
30.5,0.07894427,0.0036396133
30.6,0.078807816,0.0035975229
30.7,0.078682624,0.0035937098
30.8,0.07856177,0.00362955
30.9,0.07842884,0.003700541
31.0,0.07827586,0.003799182
31.1,0.0780881,0.0039227097
31.2,0.07785538,0.0040598027
31.3,0.077576615,0.0042001144
31.4,0.077265285,0.004337513
31.5,0.07693667,0.004467849
31.6,0.07659647,0.00458027
31.7,0.07624187,0.0046620346
31.8,0.07586914,0.004706832
31.9,0.07547302,0.004714397
32.0,0.07504063,0.0046968213
32.1,0.07455373,0.004676308
32.2,0.07399781,0.004676276
32.3,0.073366866,0.0047023892
32.4,0.072680004,0.0047420287
32.5,0.071970545,0.0047728084
32.6,0.07127346,0.0047769113
32.7,0.0706089,0.004737158
32.8,0.069985725,0.0046476503
32.9,0.06940213,0.0045202025
33.0,0.06885277,0.004380502
33.1,0.06833318,0.0042475658
33.2,0.06785235,0.004132966
33.3,0.06741666,0.0040394706
33.4,0.0670273,0.0039759534
33.5,0.066678986,0.0039433916
33.6,0.06637378,0.00394777
33.7,0.06612,0.0039892946
33.8,0.06592313,0.004064468
33.9,0.06578237,0.004147075
34.0,0.06568242,0.004201794
34.1,0.065617986,0.0042167683
34.2,0.065582775,0.004194769
34.3,0.06558547,0.004150562
34.4,0.06562522,0.004083442
34.5,0.06570163,0.0040040947
34.6,0.06580886,0.0039249593
34.7,0.065936744,0.003864556
34.8,0.066077836,0.003828355
34.9,0.06622201,0.003815516
35.0,0.06636766,0.0038198624
35.1,0.06651063,0.0038425578
35.2,0.06664907,0.0038938913
35.3,0.06677933,0.003981502
35.4,0.06690698,0.004109867
35.5,0.067037515,0.004275114
35.6,0.06717356,0.004475836
35.7,0.06730725,0.0046997536
35.8,0.067429036,0.0049329363
35.9,0.067535736,0.005153423
36.0,0.067630045,0.005350349
36.1,0.06771372,0.005518672
36.2,0.06778498,0.0056566074
36.3,0.067830026,0.005765766
36.4,0.06784314,0.0058522224
36.5,0.06781562,0.0059154592
36.6,0.06775772,0.005958968
36.7,0.06768058,0.005983256
36.8,0.06759581,0.005998983
36.9,0.06750573,0.0060018995
37.0,0.06740297,0.005989764
37.1,0.06728188,0.0059645437
37.2,0.06713847,0.005938378
37.3,0.06696942,0.0059141098
37.4,0.06677074,0.0058925324
37.5,0.0665405,0.0058631306
37.6,0.06626977,0.005819233
37.7,0.06595422,0.005752365
37.8,0.06558498,0.0056584068
37.9,0.065166004,0.0055441214
38.0,0.06470039,0.0054192557
38.1,0.06419114,0.0052943276
38.2,0.06363933,0.005169912
38.3,0.063045144,0.0050489893
38.4,0.06241409,0.004940553
38.5,0.06175444,0.0048471596
38.6,0.061077192,0.004765381
38.7,0.06039889,0.004691561
38.8,0.059736285,0.004622883
38.9,0.059106708,0.0045535145
39.0,0.05852075,0.004478126
39.1,0.057988685,0.004389169
39.2,0.057518326,0.004293068
39.3,0.057107843,0.004189775
39.4,0.056755707,0.0040887734
39.5,0.056453228,0.0039967457
39.6,0.056192804,0.003924267
39.7,0.055963453,0.0038777364
39.8,0.055753473,0.003858136
39.9,0.05555818,0.0038635249
40.0,0.055379115,0.0038851828
40.1,0.055224784,0.003914411
40.2,0.055107553,0.0039384356
40.3,0.055024512,0.0039465646
40.4,0.05497026,0.003933633
40.5,0.05493099,0.0039018837
40.6,0.054899845,0.0038625419
40.7,0.05487528,0.0038233113
40.8,0.05485532,0.0037898715
40.9,0.05484207,0.0037659768
41.0,0.0548327,0.0037544554
41.1,0.054827437,0.003758268
41.2,0.054818723,0.0037832253
41.3,0.054801207,0.0038335468
41.4,0.05476714,0.0039133034
41.5,0.054713357,0.0040203515
41.6,0.054631725,0.004141956
41.7,0.054520708,0.0042666555
41.8,0.054378342,0.00437786
41.9,0.054209247,0.0044653174
42.0,0.054010388,0.004517802
42.1,0.053781964,0.004531458
42.2,0.05351775,0.00450568
42.3,0.053224668,0.004448422
42.4,0.052907858,0.004370092
42.5,0.05257606,0.0042801565
42.6,0.052230712,0.0041881725
42.7,0.051871113,0.0040942715
42.8,0.05150111,0.0040059313
42.9,0.05112117,0.003919095
43.0,0.050738428,0.0038343938
43.1,0.050357487,0.0037556922
43.2,0.04999341,0.0036833459
43.3,0.04965853,0.0036265454
43.4,0.049365334,0.0035855598
43.5,0.049121454,0.003561867
43.6,0.048925977,0.0035508282
43.7,0.048778147,0.0035471318
43.8,0.048674073,0.0035535155
43.9,0.048616055,0.0035705313
44.0,0.048603527,0.0036040163
44.1,0.048631404,0.0036730915
44.2,0.048691828,0.003799416
44.3,0.04877658,0.003997464
44.4,0.04887154,0.0042407615
44.5,0.048967116,0.0044895727
44.6,0.049048193,0.0046802824
44.7,0.04910835,0.0047934605
44.8,0.04913984,0.0048206165
44.9,0.04914985,0.004800665
45.0,0.049150668,0.004753027
45.1,0.049154557,0.004689382
45.2,0.04916594,0.004602142
45.3,0.049185608,0.00447778
45.4,0.049215466,0.0043268534
45.5,0.049254593,0.004157256
45.6,0.049302496,0.0039956514
45.7,0.049359184,0.0038534736
45.8,0.049418867,0.003743483
45.9,0.04947717,0.0036599226
46.0,0.04952672,0.0036035273
46.1,0.049566876,0.0035676653
46.2,0.049597368,0.0035593873
46.3,0.04962511,0.003577867
46.4,0.049655948,0.003629598
46.5,0.049693625,0.0037076515
46.6,0.04973781,0.0038011265
46.7,0.049785443,0.003887968
46.8,0.049833227,0.0039512096
46.9,0.04987696,0.0039815474
47.0,0.04991538,0.0039818245
47.1,0.04994955,0.003957159
47.2,0.04998166,0.0039154133
47.3,0.050017066,0.0038655438
47.4,0.050061073,0.0038189827
47.5,0.050115373,0.0037803603
47.6,0.050178785,0.0037564698
47.7,0.05024415,0.0037412287
47.8,0.05030457,0.0037360364
47.9,0.05034883,0.003725977
48.0,0.050377663,0.0037133875
48.1,0.05039232,0.0036918845
48.2,0.050408628,0.0036728145
48.3,0.05043212,0.0036573124
48.4,0.050474316,0.0036494085
48.5,0.050535094,0.0036479817
48.6,0.050616283,0.003646983
48.7,0.050712265,0.003652609
48.8,0.05081928,0.003660869
48.9,0.050935004,0.00368477
49.0,0.051055662,0.0037082655
49.1,0.051183466,0.0037336617
49.2,0.051316995,0.0037449948
49.3,0.0514581,0.0037516418
49.4,0.05160344,0.0037513294
49.5,0.05175213,0.0037547804
49.6,0.051897455,0.0037641278
49.7,0.05203997,0.0037876004
49.8,0.052176375,0.0038280059
49.9,0.052316424,0.0038856375
50.0,0.052468076,0.0039560273
50.1,0.0526383,0.004030883
50.2,0.052830264,0.004105274
50.3,0.053037275,0.0041726646
50.4,0.053254258,0.0042321244
50.5,0.053473055,0.004279427
50.6,0.053689495,0.00431864
50.7,0.053905547,0.004352339
50.8,0.0541216,0.0043860916
50.9,0.054337792,0.0044184118
51.0,0.054557767,0.0044476953
51.1,0.05478235,0.0044709276
51.2,0.055022717,0.004484366
51.3,0.05527697,0.004486036
51.4,0.055553734,0.0044731963
51.5,0.055849776,0.0044508395
51.6,0.056168377,0.004422205
51.7,0.056510452,0.0043990826
51.8,0.05687495,0.004385849
51.9,0.057265233,0.004396613
52.0,0.0576795,0.0044346
52.1,0.058114316,0.0045010326
52.2,0.05856061,0.0045840084
52.3,0.058999233,0.0046637035
52.4,0.05942344,0.0047294474
52.5,0.059821684,0.0047709458
52.6,0.060198124,0.004789441
52.7,0.060558807,0.0047927657
52.8,0.060910713,0.004781702
52.9,0.061267227,0.0047723376
53.0,0.06162246,0.004755091
53.1,0.061985876,0.0047436436
53.2,0.06234582,0.0047328575
53.3,0.06271289,0.00473539
53.4,0.063076496,0.0047485274
53.5,0.06344287,0.004771763
53.6,0.06380706,0.004804596
53.7,0.06417181,0.0048363092
53.8,0.06453444,0.004863937
53.9,0.06488907,0.0048697186
54.0,0.065231785,0.0048513943
54.1,0.06555772,0.0048009013
54.2,0.06586895,0.0047236597
54.3,0.066165194,0.0046210247
54.4,0.06645561,0.0045027714
54.5,0.0667381,0.0043763616
54.6,0.067024514,0.0042519504
54.7,0.067311026,0.0041395966
54.8,0.06760506,0.004044149
54.9,0.067903034,0.00397424
55.0,0.06820615,0.003929802
55.1,0.06851001,0.003914194
55.2,0.06881324,0.003924137
55.3,0.06911406,0.0039523975
55.4,0.06941459,0.003993583
55.5,0.06971557,0.004040118
55.6,0.07001944,0.004092798
55.7,0.070324786,0.00414646
55.8,0.070631586,0.0042083766
55.9,0.07093942,0.004273196
56.0,0.07124682,0.004348013
56.1,0.07155514,0.00442437
56.2,0.07186119,0.0045020515
56.3,0.07216658,0.0045682783
56.4,0.072466604,0.0046180654
56.5,0.07276501,0.0046510263
56.6,0.0730571,0.004662325
56.7,0.07334709,0.0046611694
56.8,0.07363493,0.004644656
56.9,0.0739254,0.0046219304
57.0,0.074216925,0.004592011
57.1,0.074515894,0.0045596724
57.2,0.07482085,0.0045282943
57.3,0.07513899,0.0044953628
57.4,0.075465724,0.004465071
57.5,0.07580967,0.004436427
57.6,0.07616643,0.004408234
57.7,0.07654134,0.004381867
57.8,0.07693347,0.004355252
57.9,0.077344686,0.0043326393
58.0,0.07777249,0.0043116524
58.1,0.078212425,0.0042893165
58.2,0.07866331,0.0042674583
58.3,0.07912001,0.0042415126
58.4,0.07959091,0.0042129504
58.5,0.08006774,0.004181838
58.6,0.0805599,0.0041492917
58.7,0.08105669,0.004119521
58.8,0.08156614,0.0040911003
58.9,0.08207737,0.004068511
59.0,0.08259323,0.004049187
59.1,0.08310657,0.004029987
59.2,0.08361446,0.0040097153
59.3,0.0841102,0.0039902325
59.4,0.084598444,0.0039731506
59.5,0.08507888,0.0039599193
59.6,0.08555733,0.003950263
59.7,0.0860384,0.0039431714
59.8,0.08652409,0.003941936
59.9,0.08702203,0.0039413385
60.0,0.08752608,0.0039463756
60.1,0.08804439,0.00395268
60.2,0.08856585,0.003961063
60.3,0.08909556,0.0039692908
60.4,0.089623995,0.003975617
60.5,0.090152696,0.0039831093
60.6,0.09068167,0.0039942735
60.7,0.091200665,0.0040092072
60.8,0.091716215,0.0040297103
60.9,0.09221894,0.0040581725
61.0,0.09272069,0.004090557
61.1,0.093214594,0.00412461
61.2,0.093705796,0.004162347
61.3,0.09419441,0.0041999356
61.4,0.09467757,0.004242431
61.5,0.09516296,0.0042928527
61.6,0.095646,0.0043500206
61.7,0.09613502,0.0044122357
61.8,0.09662298,0.0044752383
61.9,0.097121775,0.00453779
62.0,0.097630054,0.0045935363
62.1,0.09814345,0.0046356716
62.2,0.09867246,0.004665863
62.3,0.09921319,0.0046854597
62.4,0.09978022,0.0046942006
62.5,0.10036847,0.004696648
62.6,0.10098751,0.0046992684
62.7,0.10164162,0.004708608
62.8,0.10232639,0.004724773
62.9,0.10305048,0.0047498783
63.0,0.10380781,0.004785723
63.1,0.104611196,0.0048320224
63.2,0.10545956,0.00488874
63.3,0.10635052,0.004956638
63.4,0.10729108,0.005040414
63.5,0.108274385,0.0051366445
63.6,0.10930856,0.0052407687
63.7,0.110390484,0.0053538093
63.8,0.11151204,0.005468636
63.9,0.112672195,0.0055821277
64.0,0.11385862,0.0056928424
64.1,0.11508161,0.005790518
64.2,0.11633481,0.005875478
64.3,0.117603816,0.005945077
64.4,0.11888773,0.0059933164
64.5,0.12017803,0.0060201343
64.6,0.12147734,0.006025917
64.7,0.12278141,0.006012503
64.8,0.12408122,0.0059748553
64.9,0.12538254,0.005918663
65.0,0.12667328,0.0058504925
65.1,0.12795775,0.0057708076
65.2,0.1292366,0.0056857793
65.3,0.1305031,0.0055946675
65.4,0.13175873,0.005493691
65.5,0.13299915,0.0053866007
65.6,0.13422433,0.0052753836
65.7,0.13543904,0.0051614665
65.8,0.1366338,0.005046246
65.9,0.13781947,0.0049239346
66.0,0.13899118,0.004806503
66.1,0.14014214,0.0046944865
66.2,0.14127907,0.0045873327
66.3,0.14240204,0.0044864565
66.4,0.14350623,0.004391313
66.5,0.14459306,0.0043107457
66.6,0.14566594,0.0042445613
66.7,0.14672843,0.004186357
66.8,0.14777827,0.0041440944
66.9,0.14880796,0.004115589
67.0,0.14983469,0.0040903147
67.1,0.1508546,0.0040777507
67.2,0.15186156,0.0040740264
67.3,0.152864,0.004077087
67.4,0.15386386,0.0040877936
67.5,0.15485685,0.0041012075
67.6,0.15584308,0.0041232286
67.7,0.15682743,0.0041521685
67.8,0.15781222,0.0041820924
67.9,0.15879951,0.0042188545
68.0,0.15978059,0.0042674523
68.1,0.16077103,0.0043115807
68.2,0.16176745,0.0043624234
68.3,0.16276732,0.0044186586
68.4,0.16377743,0.0044782055
68.5,0.1647983,0.004544072
68.6,0.16582692,0.0046102535
68.7,0.1668634,0.004678812
68.8,0.16790886,0.0047548395
68.9,0.16896445,0.004832919
69.0,0.1700342,0.00491364
69.1,0.17111877,0.004998905
69.2,0.17221381,0.005079451
69.3,0.17332147,0.0051599694
69.4,0.17444156,0.0052444167
69.5,0.17557451,0.0053198473
69.6,0.17672125,0.0053905477
69.7,0.17787908,0.005460756
69.8,0.17904662,0.0055227755
69.9,0.1802278,0.005583033
70.0,0.1814237,0.005642181
70.1,0.18263334,0.005690476
70.2,0.18385392,0.0057390835
70.3,0.18508843,0.005787648
70.4,0.18633802,0.005823873
70.5,0.18760385,0.0058544613
70.6,0.18888576,0.005891019
70.7,0.1901832,0.0059217406
70.8,0.19149841,0.005947355
70.9,0.1928349,0.005973436
71.0,0.19419432,0.005992273
71.1,0.19557439,0.0060193897
71.2,0.1969749,0.0060515166
71.3,0.19840135,0.006075331
71.4,0.19985233,0.006095392
71.5,0.20132531,0.006123283
71.6,0.20281965,0.0061502866
71.7,0.20432965,0.0061793225
71.8,0.20586057,0.006215982
71.9,0.2074178,0.0062489705
72.0,0.20899308,0.00628532
72.1,0.21058847,0.006331359
72.2,0.21221125,0.006375696
72.3,0.21384124,0.0064199306
72.4,0.21548498,0.006468236
72.5,0.21715042,0.006529981
72.6,0.21883464,0.0065791146
72.7,0.22054107,0.0066347206
72.8,0.22227009,0.0066961967
72.9,0.22402373,0.006737186
73.0,0.22579601,0.006779232
73.1,0.22758818,0.0068277656
73.2,0.2294137,0.0068667913
73.3,0.23126468,0.0069066705
73.4,0.23314348,0.0069510923
73.5,0.23506297,0.0069834003
73.6,0.23699677,0.0070125186
73.7,0.2389576,0.007054059
73.8,0.2409557,0.0071003633
73.9,0.24297489,0.00713659
74.0,0.24501725,0.007180716
74.1,0.24708502,0.0072376267
74.2,0.24918863,0.007280216
74.3,0.25131902,0.007329315
74.4,0.25347358,0.0073939357
74.5,0.25548172,0.0073243557
74.6,0.25731838,0.007186219
74.7,0.25901872,0.007038972
74.8,0.2607512,0.0069469037
74.9,0.2625224,0.0068981433
75.0,0.26433092,0.006917457
75.1,0.26613283,0.006991462
75.2,0.26792926,0.007059752
75.3,0.26961592,0.0071075005
75.4,0.27073932,0.00706212
75.5,0.27193165,0.0070096264
75.6,nan,nan
75.7,nan,nan
75.8,nan,nan
75.9,nan,nan
76.0,nan,nan
76.1,nan,nan
76.2,nan,nan
76.3,nan,nan
76.4,nan,nan
76.5,nan,nan
76.6,nan,nan
76.7,nan,nan
76.8,nan,nan
76.9,nan,nan
77.0,nan,nan
77.1,nan,nan
77.2,nan,nan
77.3,nan,nan
77.4,nan,nan
77.5,nan,nan
77.6,nan,nan
77.7,nan,nan
77.8,nan,nan
77.9,nan,nan
78.0,nan,nan
78.1,nan,nan
78.2,nan,nan
78.3,nan,nan
78.4,nan,nan
78.5,nan,nan
78.6,nan,nan
78.7,nan,nan
78.8,nan,nan
78.9,nan,nan
79.0,nan,nan
79.1,nan,nan
79.2,nan,nan
79.3,nan,nan
79.4,nan,nan
79.5,nan,nan
79.6,nan,nan
79.7,nan,nan
79.8,nan,nan
79.9,nan,nan
80.0,nan,nan
80.1,nan,nan
80.2,nan,nan
80.3,nan,nan
80.4,nan,nan
80.5,nan,nan
80.6,nan,nan
80.7,nan,nan
80.8,nan,nan
80.9,nan,nan
81.0,nan,nan
81.1,nan,nan
81.2,nan,nan
81.3,nan,nan
81.4,nan,nan
81.5,nan,nan
81.6,nan,nan
81.7,nan,nan
81.8,nan,nan
81.9,nan,nan
82.0,nan,nan
82.1,nan,nan
82.2,nan,nan
82.3,nan,nan
82.4,nan,nan
82.5,nan,nan
82.6,nan,nan
82.7,nan,nan
82.8,nan,nan
82.9,nan,nan
83.0,nan,nan
83.1,nan,nan
83.2,nan,nan
83.3,nan,nan
83.4,nan,nan
83.5,nan,nan
83.6,nan,nan
83.7,nan,nan
83.8,nan,nan
83.9,nan,nan
84.0,nan,nan
84.1,nan,nan
84.2,nan,nan
84.3,nan,nan
84.4,nan,nan
84.5,nan,nan
84.6,nan,nan
84.7,nan,nan
84.8,nan,nan
84.9,nan,nan
85.0,nan,nan
85.1,nan,nan
85.2,nan,nan
85.3,nan,nan
85.4,nan,nan
85.5,nan,nan
85.6,nan,nan
85.7,nan,nan
85.8,nan,nan
85.9,nan,nan
86.0,nan,nan
86.1,nan,nan
86.2,nan,nan
86.3,nan,nan
86.4,nan,nan
86.5,nan,nan
86.6,nan,nan
86.7,nan,nan
86.8,nan,nan
86.9,nan,nan
87.0,nan,nan
87.1,nan,nan
87.2,nan,nan
87.3,nan,nan
87.4,nan,nan
87.5,nan,nan
87.6,nan,nan
87.7,nan,nan
87.8,nan,nan
87.9,nan,nan
88.0,nan,nan
88.1,nan,nan
88.2,nan,nan
88.3,nan,nan
88.4,nan,nan
88.5,nan,nan
88.6,nan,nan
88.7,nan,nan
88.8,nan,nan
88.9,nan,nan
89.0,nan,nan
89.1,nan,nan
89.2,nan,nan
89.3,nan,nan
89.4,nan,nan
89.5,nan,nan
89.6,nan,nan
89.7,nan,nan
89.8,nan,nan
89.9,nan,nan
90.0,nan,nan
