PC_Latitude,I/F,Error
-90.0,nan,nan
-89.9,nan,nan
-89.8,nan,nan
-89.7,nan,nan
-89.6,nan,nan
-89.5,nan,nan
-89.4,nan,nan
-89.3,nan,nan
-89.2,nan,nan
-89.1,nan,nan
-89.0,nan,nan
-88.9,nan,nan
-88.8,nan,nan
-88.7,nan,nan
-88.6,nan,nan
-88.5,nan,nan
-88.4,nan,nan
-88.3,nan,nan
-88.2,nan,nan
-88.1,nan,nan
-88.0,nan,nan
-87.9,nan,nan
-87.8,nan,nan
-87.7,nan,nan
-87.6,nan,nan
-87.5,nan,nan
-87.4,nan,nan
-87.3,nan,nan
-87.2,nan,nan
-87.1,nan,nan
-87.0,nan,nan
-86.9,nan,nan
-86.8,nan,nan
-86.7,nan,nan
-86.6,nan,nan
-86.5,nan,nan
-86.4,nan,nan
-86.3,nan,nan
-86.2,nan,nan
-86.1,nan,nan
-86.0,nan,nan
-85.9,nan,nan
-85.8,nan,nan
-85.7,nan,nan
-85.6,nan,nan
-85.5,nan,nan
-85.4,nan,nan
-85.3,nan,nan
-85.2,nan,nan
-85.1,nan,nan
-85.0,nan,nan
-84.9,nan,nan
-84.8,nan,nan
-84.7,nan,nan
-84.6,nan,nan
-84.5,nan,nan
-84.4,nan,nan
-84.3,nan,nan
-84.2,nan,nan
-84.1,nan,nan
-84.0,nan,nan
-83.9,nan,nan
-83.8,nan,nan
-83.7,nan,nan
-83.6,nan,nan
-83.5,nan,nan
-83.4,nan,nan
-83.3,nan,nan
-83.2,nan,nan
-83.1,nan,nan
-83.0,nan,nan
-82.9,nan,nan
-82.8,nan,nan
-82.7,nan,nan
-82.6,nan,nan
-82.5,nan,nan
-82.4,nan,nan
-82.3,nan,nan
-82.2,nan,nan
-82.1,nan,nan
-82.0,nan,nan
-81.9,nan,nan
-81.8,nan,nan
-81.7,0.3475881,0.005448133
-81.6,0.3467123,0.007240819
-81.5,0.34594363,0.008766103
-81.4,0.34473774,0.010000769
-81.3,0.34316102,0.011125608
-81.2,0.3414137,0.011970979
-81.1,0.3396374,0.012853593
-81.0,0.3378776,0.013767643
-80.9,0.33615333,0.01462425
-80.8,0.33443815,0.015478792
-80.7,0.33275393,0.016310943
-80.6,0.33090162,0.016979448
-80.5,0.3289115,0.017444855
-80.4,0.3267149,0.01772082
-80.3,0.32447776,0.017927442
-80.2,0.3222766,0.01808026
-80.1,0.32009676,0.018229414
-80.0,0.31794125,0.01838634
-79.9,0.31581765,0.018521626
-79.8,0.3137069,0.018658001
-79.7,0.31160468,0.018782062
-79.6,0.30949908,0.01890603
-79.5,0.30745494,0.019022737
-79.4,0.30543774,0.019142255
-79.3,0.3034283,0.01924914
-79.2,0.3014477,0.019327233
-79.1,0.2994754,0.019391973
-79.0,0.29752126,0.019460991
-78.9,0.2955962,0.019521689
-78.8,0.29368985,0.019580077
-78.7,0.2917963,0.019621689
-78.6,0.2899287,0.019643473
-78.5,0.2880848,0.019671813
-78.4,0.2862631,0.019707581
-78.3,0.2844404,0.019728845
-78.2,0.28265837,0.019725982
-78.1,0.28089052,0.019711398
-78.0,0.27913836,0.019696278
-77.9,0.2774042,0.019677911
-77.8,0.27567384,0.019655632
-77.7,0.27393624,0.019617165
-77.6,0.2722105,0.019568302
-77.5,0.27050108,0.019525886
-77.4,0.2687993,0.019488499
-77.3,0.2671004,0.019433662
-77.2,0.26540023,0.019364398
-77.1,0.26370734,0.01928256
-77.0,0.26203358,0.01919513
-76.9,0.2603671,0.019096965
-76.8,0.25870782,0.018968424
-76.7,0.25706008,0.018802466
-76.6,0.2554346,0.018629022
-76.5,0.25381392,0.018452711
-76.4,0.25218245,0.01825769
-76.3,0.25053254,0.018038543
-76.2,0.24888046,0.017807176
-76.1,0.24723244,0.017563986
-76.0,0.24557447,0.017319141
-75.9,0.24389471,0.017053118
-75.8,0.24220024,0.016763309
-75.7,0.24050795,0.016463546
-75.6,0.23881468,0.016160639
-75.5,0.2371053,0.015828501
-75.4,0.23538356,0.015480406
-75.3,0.23365983,0.015125182
-75.2,0.23193753,0.0147586465
-75.1,0.23020941,0.014384401
-75.0,0.22847466,0.013989828
-74.9,0.22673695,0.013592181
-74.8,0.22500238,0.013209154
-74.7,0.22327502,0.012850264
-74.6,0.22155356,0.012504237
-74.5,0.21985412,0.012183407
-74.4,0.21817027,0.011885368
-74.3,0.21650171,0.01161723
-74.2,0.21484624,0.011381513
-74.1,0.21321194,0.011169527
-74.0,0.21159853,0.010973868
-73.9,0.21001221,0.010789104
-73.8,0.20845233,0.010608903
-73.7,0.20690641,0.010426079
-73.6,0.20539145,0.010259881
-73.5,0.20391795,0.010106685
-73.4,0.2024663,0.009976743
-73.3,0.20103799,0.009861577
-73.2,0.1996331,0.00975961
-73.1,0.19825152,0.00967755
-73.0,0.19689344,0.0096141
-72.9,0.19555071,0.009558943
-72.8,0.19422795,0.0095145935
-72.7,0.19292544,0.009472322
-72.6,0.19163586,0.009427879
-72.5,0.1903605,0.009376947
-72.4,0.18909843,0.009313676
-72.3,0.18783122,0.009242613
-72.2,0.18656892,0.00916763
-72.1,0.18531613,0.009080766
-72.0,0.1840653,0.00898516
-71.9,0.18281755,0.00887401
-71.8,0.18156224,0.00872663
-71.7,0.18031043,0.008542782
-71.6,0.1790705,0.008329684
-71.5,0.17781727,0.008092454
-71.4,0.17655528,0.007830652
-71.3,0.17528592,0.007540693
-71.2,0.17401,0.007256422
-71.1,0.17273073,0.0069680125
-71.0,0.17143859,0.0066718473
-70.9,0.17014526,0.006384372
-70.8,0.16886918,0.0060994127
-70.7,0.16759531,0.005827198
-70.6,0.16634299,0.005569349
-70.5,0.16511472,0.005319693
-70.4,0.163924,0.0050873416
-70.3,0.16277437,0.0048732352
-70.2,0.16164602,0.004681631
-70.1,0.16054317,0.004510678
-70.0,0.15946396,0.004356786
-69.9,0.15840149,0.0042263265
-69.8,0.15736888,0.0041031353
-69.7,0.15635844,0.0040017497
-69.6,0.15538074,0.003926515
-69.5,0.15442938,0.0038709256
-69.4,0.15349317,0.0038359582
-69.3,0.15257399,0.0038146274
-69.2,0.1516507,0.0038084835
-69.1,0.15072829,0.0038101154
-69.0,0.14980848,0.0038130796
-68.9,0.14888969,0.003831084
-68.8,0.14798397,0.003857038
-68.7,0.14707485,0.0038960557
-68.6,0.14618456,0.003947672
-68.5,0.14530687,0.0040140087
-68.4,0.14444797,0.004097022
-68.3,0.14361677,0.004185859
-68.2,0.14280622,0.0042875847
-68.1,0.14202502,0.004401499
-68.0,0.14126256,0.004518444
-67.9,0.14053425,0.0046418635
-67.8,0.13983746,0.004777399
-67.7,0.13916071,0.0049205553
-67.6,0.13850799,0.005060761
-67.5,0.13784628,0.005199654
-67.4,0.1371748,0.0053239022
-67.3,0.13647372,0.0054258113
-67.2,0.13574545,0.0055036205
-67.1,0.13499455,0.0055651306
-67.0,0.13421139,0.0056221248
-66.9,0.13340858,0.0056919996
-66.8,0.13256279,0.005795139
-66.7,0.13168198,0.005925078
-66.6,0.13074638,0.006093907
-66.5,0.12976356,0.0062944014
-66.4,0.1287297,0.0065213507
-66.3,0.12764336,0.0067757997
-66.2,0.12650555,0.007039702
-66.1,0.1253055,0.0073212795
-66.0,0.124066845,0.007607201
-65.9,0.12277757,0.00791143
-65.8,0.12145083,0.008224981
-65.7,0.12007415,0.008544455
-65.6,0.11865673,0.008869537
-65.5,0.11717853,0.009191305
-65.4,0.11564366,0.009510416
-65.3,0.11405573,0.009822413
-65.2,0.11240385,0.010125205
-65.1,0.11070876,0.010411119
-65.0,0.10896172,0.010666796
-64.9,0.10719604,0.0108930245
-64.8,0.10539929,0.011078905
-64.7,0.10357614,0.011217617
-64.6,0.10172011,0.011310309
-64.5,0.09982728,0.01134148
-64.4,0.09790144,0.0113215465
-64.3,0.095950186,0.011244036
-64.2,0.09398788,0.011106642
-64.1,0.092021875,0.010921258
-64.0,0.09006136,0.010672224
-63.9,0.08811077,0.010372663
-63.8,0.086181,0.010021305
-63.7,0.08427942,0.0096299555
-63.6,0.08241151,0.009217398
-63.5,0.08059101,0.008791977
-63.4,0.07882991,0.008373339
-63.3,0.07713375,0.007969383
-63.2,0.07552506,0.007578746
-63.1,0.07400114,0.007211803
-63.0,0.072579116,0.0068627615
-62.9,0.07124493,0.006523003
-62.8,0.07000279,0.006192301
-62.7,0.06884593,0.0058754687
-62.6,0.06776927,0.0055769365
-62.5,0.06676396,0.005300242
-62.4,0.06583151,0.0050573344
-62.3,0.0649595,0.0048588603
-62.2,0.06416444,0.0047116843
-62.1,0.06343473,0.004619031
-62.0,0.06278825,0.0045817
-61.9,0.062205918,0.0046097194
-61.8,0.061686136,0.0046886057
-61.7,0.061210245,0.0048148097
-61.6,0.060769055,0.0049654753
-61.5,0.060352836,0.0051155444
-61.4,0.059954446,0.0052424488
-61.3,0.05957602,0.005325533
-61.2,0.05920776,0.0053463923
-61.1,0.0588499,0.005311214
-61.0,0.058492824,0.0052092797
-60.9,0.05814123,0.005068613
-60.8,0.057796042,0.004885272
-60.7,0.057455193,0.0046829274
-60.6,0.05712329,0.004468667
-60.5,0.056796826,0.0042554378
-60.4,0.056479115,0.004050365
-60.3,0.056167196,0.003866868
-60.2,0.055859003,0.0037019684
-60.1,0.055554893,0.0035661068
-60.0,0.055249825,0.0034512507
-59.9,0.05494458,0.0033537166
-59.8,0.054635953,0.003266745
-59.7,0.054324955,0.0031752193
-59.6,0.05401197,0.0030833439
-59.5,0.053699635,0.0029871294
-59.4,0.053389404,0.002896979
-59.3,0.053086843,0.002813901
-59.2,0.05279659,0.0027394136
-59.1,0.05252694,0.002672485
-59.0,0.05228118,0.0026109607
-58.9,0.052062068,0.0025574665
-58.8,0.05187535,0.0025131963
-58.7,0.051715814,0.0024824126
-58.6,0.051597152,0.0024709792
-58.5,0.051510286,0.0024822257
-58.4,0.051469676,0.0025191908
-58.3,0.051464293,0.0025765386
-58.2,0.051497538,0.0026356585
-58.1,0.05156343,0.0026912265
-58.0,0.05166325,0.0027217988
-57.9,0.051798783,0.0027339184
-57.8,0.051964376,0.0027161231
-57.7,0.05215439,0.0026861378
-57.6,0.052354556,0.0026441442
-57.5,0.052554656,0.0026054876
-57.4,0.052741434,0.0025686296
-57.3,0.052909058,0.0025390545
-57.2,0.053046066,0.0025141211
-57.1,0.05314488,0.0024991645
-57.0,0.053202312,0.0024995254
-56.9,0.05321918,0.0025133376
-56.8,0.053204168,0.002540843
-56.7,0.053161994,0.0025661292
-56.6,0.053104557,0.0025877529
-56.5,0.053026814,0.0025902605
-56.4,0.05293695,0.0025855333
-56.3,0.05282703,0.0025617038
-56.2,0.052707467,0.0025345578
-56.1,0.0525761,0.0024907577
-56.0,0.052438304,0.002444748
-55.9,0.052296076,0.0023879996
-55.8,0.052149702,0.0023284287
-55.7,0.052006118,0.002254344
-55.6,0.051867757,0.0021721341
-55.5,0.05173762,0.0020841404
-55.4,0.051614076,0.002013771
-55.3,0.05149701,0.0019657619
-55.2,0.05138455,0.001946165
-55.1,0.05128475,0.0019394489
-55.0,0.051197667,0.001938345
-54.9,0.051134184,0.0019383845
-54.8,0.0510916,0.0019448892
-54.7,0.051068593,0.0019664993
-54.6,0.051056504,0.0019942138
-54.5,0.05104864,0.0020242552
-54.4,0.05104085,0.0020433476
-54.3,0.051034585,0.002062838
-54.2,0.051032152,0.0020816736
-54.1,0.051035874,0.0021085208
-54.0,0.051045805,0.0021369995
-53.9,0.051058877,0.00216596
-53.8,0.0510745,0.0021796324
-53.7,0.05109095,0.0021775726
-53.6,0.05110266,0.0021595648
-53.5,0.051109932,0.0021411686
-53.4,0.05110714,0.0021307543
-53.3,0.051095124,0.0021258984
-53.2,0.05107712,0.0021277664
-53.1,0.051058598,0.0021428464
-53.0,0.051052976,0.0021813046
-52.9,0.051062398,0.002248343
-52.8,0.051090352,0.0023436157
-52.7,0.051123463,0.0024580508
-52.6,0.05114979,0.0025834998
-52.5,0.051146448,0.002676482
-52.4,0.051105045,0.0027228454
-52.3,0.051022187,0.0026927758
-52.2,0.050907265,0.0026169915
-52.1,0.05077258,0.0025180352
-52.0,0.05063414,0.002440375
-51.9,0.050508622,0.002399016
-51.8,0.05040489,0.002396782
-51.7,0.050325938,0.0024189372
-51.6,0.050265323,0.0024417825
-51.5,0.050218146,0.0024615212
-51.4,0.05017728,0.0024697683
-51.3,0.050145358,0.0024814766
-51.2,0.050126188,0.0024880152
-51.1,0.050114714,0.0024947291
-51.0,0.050108276,0.0024920625
-50.9,0.050099004,0.0024783073
-50.8,0.050092712,0.00246227
-50.7,0.05009414,0.0024536967
-50.6,0.050116643,0.0024731322
-50.5,0.0501728,0.0025155572
-50.4,0.05025818,0.002578691
-50.3,0.05036842,0.0026495296
-50.2,0.050487604,0.0027347384
-50.1,0.050614525,0.0028370384
-50.0,0.050741874,0.0029456036
-49.9,0.050865527,0.0030264198
-49.8,0.050977033,0.0030447117
-49.7,0.051064096,0.0029897713
-49.6,0.05112453,0.0028733804
-49.5,0.051162932,0.002726088
-49.4,0.051200222,0.0025860171
-49.3,0.051259674,0.002476007
-49.2,0.051361375,0.0024143006
-49.1,0.05151171,0.002387438
-49.0,0.051710404,0.0023909826
-48.9,0.051950514,0.0024086605
-48.8,0.052231867,0.0024244539
-48.7,0.052546777,0.002431994
-48.6,0.05288144,0.0024142857
-48.5,0.05320589,0.0023755608
-48.4,0.053491164,0.0023134307
-48.3,0.05371993,0.00224274
-48.2,0.053886432,0.002175722
-48.1,0.05399521,0.002125234
-48.0,0.05405862,0.0020922022
-47.9,0.054093562,0.0020762214
-47.8,0.05411292,0.0020742575
-47.7,0.054117598,0.0020874424
-47.6,0.054107614,0.002112199
-47.5,0.054081798,0.002145758
-47.4,0.054048546,0.0021790774
-47.3,0.05400618,0.00220263
-47.2,0.053962827,0.002213646
-47.1,0.05391799,0.0022234062
-47.0,0.053878263,0.0022504833
-46.9,0.05383811,0.0023040732
-46.8,0.053792655,0.002377494
-46.7,0.05373733,0.0024609154
-46.6,0.05367185,0.002543132
-46.5,0.05360141,0.0026163543
-46.4,0.053527713,0.0026791345
-46.3,0.053450525,0.0027318604
-46.2,0.05335863,0.0027824317
-46.1,0.05324668,0.0028350342
-46.0,0.053111594,0.0028920611
-45.9,0.052963357,0.002949879
-45.8,0.052809294,0.0030047377
-45.7,0.05265648,0.0030516107
-45.6,0.05250701,0.003090943
-45.5,0.052368302,0.0031210128
-45.4,0.052248448,0.0031472754
-45.3,0.05215342,0.00317475
-45.2,0.05208334,0.003200769
-45.1,0.052028734,0.0032195977
-45.0,0.05198495,0.0032295806
-44.9,0.051944118,0.0032316118
-44.8,0.051902957,0.0032361036
-44.7,0.051858835,0.0032428065
-44.6,0.051810022,0.0032482806
-44.5,0.051761694,0.0032463905
-44.4,0.051710896,0.003230435
-44.3,0.05165911,0.0032097425
-44.2,0.05159811,0.0031952506
-44.1,0.0515246,0.0031926748
-44.0,0.051434677,0.0032019813
-43.9,0.05132262,0.0032168906
-43.8,0.051179066,0.0032331042
-43.7,0.050989278,0.003247659
-43.6,0.05075484,0.0032627424
-43.5,0.050484292,0.003292396
-43.4,0.050208807,0.0033418552
-43.3,0.049950145,0.0034128346
-43.2,0.04973273,0.0034921118
-43.1,0.049557712,0.0035674423
-43.0,0.049425557,0.0036243808
-42.9,0.0493283,0.0036469863
-42.8,0.049253367,0.0036309045
-42.7,0.04918927,0.0035750235
-42.6,0.04912677,0.003495635
-42.5,0.049073935,0.003408188
-42.4,0.04904342,0.0033319434
-42.3,0.049051013,0.0032869745
-42.2,0.049099598,0.003288645
-42.1,0.04918517,0.003336529
-42.0,0.04929419,0.0034071074
-41.9,0.049424715,0.003468776
-41.8,0.049574543,0.0035143592
-41.7,0.049754545,0.003550422
-41.6,0.04996596,0.0035955356
-41.5,0.05020141,0.0036390044
-41.4,0.050445586,0.0036699537
-41.3,0.050681807,0.003675038
-41.2,0.050904583,0.003658526
-41.1,0.051103257,0.0036146368
-41.0,0.051263697,0.0035318367
-40.9,0.051375866,0.0034059086
-40.8,0.051438957,0.003241844
-40.7,0.051473513,0.0030709074
-40.6,0.051498838,0.0029213603
-40.5,0.051539894,0.002834684
-40.4,0.051616546,0.0028282425
-40.3,0.051739402,0.0028928726
-40.2,0.051913165,0.0030135165
-40.1,0.052130964,0.0031703035
-40.0,0.052388202,0.0033427184
-39.9,0.052672274,0.0035099257
-39.8,0.052967615,0.0036502688
-39.7,0.053261988,0.0037614831
-39.6,0.05355591,0.003852935
-39.5,0.05385883,0.0039392794
-39.4,0.05417625,0.004021743
-39.3,0.05450305,0.00408668
-39.2,0.054825883,0.0041259006
-39.1,0.055133328,0.0041395207
-39.0,0.0554228,0.0041420725
-38.9,0.05569605,0.0041407337
-38.8,0.05596133,0.004140131
-38.7,0.056220166,0.00414437
-38.6,0.056474224,0.004166854
-38.5,0.05673104,0.0042297575
-38.4,0.05699929,0.004350269
-38.3,0.05729764,0.004527228
-38.2,0.0576302,0.0047651706
-38.1,0.05800013,0.005060241
-38.0,0.05839508,0.005408446
-37.9,0.058804404,0.0057851113
-37.8,0.05921155,0.0061746207
-37.7,0.05960182,0.006584014
-37.6,0.059944484,0.00698889
-37.5,0.060219787,0.007350234
-37.4,0.060416453,0.0076393406
-37.3,0.06055375,0.007863831
-37.2,0.06064426,0.00804036
-37.1,0.06069706,0.00816043
-37.0,0.060710065,0.008210541
-36.9,0.06068343,0.008180821
-36.8,0.060616534,0.008079204
-36.7,0.060507085,0.00791697
-36.6,0.060357638,0.0077064345
-36.5,0.060177755,0.0074474392
-36.4,0.059979305,0.007153999
-36.3,0.059769128,0.0068456545
-36.2,0.059532817,0.006548244
-36.1,0.059260108,0.0062695923
-36.0,0.058944676,0.006010796
-35.9,0.058602627,0.005771272
-35.8,0.058249976,0.0055475775
-35.7,0.05790585,0.005341568
-35.6,0.0575818,0.0051604956
-35.5,0.057289965,0.0050107255
-35.4,0.057048168,0.0048934934
-35.3,0.056865625,0.0048037767
-35.2,0.05674042,0.0047438047
-35.1,0.0566534,0.0047108587
-35.0,0.056586802,0.0047004516
-34.9,0.056515504,0.004749034
-34.8,0.056435782,0.004813376
-34.7,0.05634293,0.0048868028
-34.6,0.05624801,0.0049090036
-34.5,0.05614041,0.00490349
-34.4,0.056031372,0.004867937
-34.3,0.05594243,0.0048058946
-34.2,0.055900853,0.004732994
-34.1,0.055923123,0.004659714
-34.0,0.05600431,0.0045910543
-33.9,0.056119554,0.0045241634
-33.8,0.056238037,0.004454577
-33.7,0.056343883,0.0043959846
-33.6,0.05642074,0.0043771123
-33.5,0.056454826,0.004412223
-33.4,0.056418564,0.0044444315
-33.3,0.05630663,0.004410685
-33.2,0.05613651,0.0042923363
-33.1,0.05593672,0.004126151
-33.0,0.055726558,0.0039588115
-32.9,0.05551677,0.0038227036
-32.8,0.055326793,0.0037348943
-32.7,0.05517777,0.003709001
-32.6,0.055085525,0.0037340764
-32.5,0.055055957,0.0038098937
-32.4,0.055090014,0.0039169104
-32.3,0.055178657,0.004021218
-32.2,0.055309955,0.004105782
-32.1,0.05546576,0.0041725906
-32.0,0.055625577,0.0042357952
-31.9,0.055769455,0.004294259
-31.8,0.055880345,0.0043295566
-31.7,0.055960298,0.0043436876
-31.6,0.05602762,0.0043484345
-31.5,0.056114886,0.0043668826
-31.4,0.05625371,0.004403275
-31.3,0.056462806,0.0044495533
-31.2,0.05674969,0.004495065
-31.1,0.057112552,0.0045533697
-31.0,0.057530876,0.00465278
-30.9,0.05797692,0.0048104473
-30.8,0.058415703,0.005013637
-30.7,0.05881521,0.0052306466
-30.6,0.059146617,0.0054364125
-30.5,0.05938982,0.005606935
-30.4,0.059543908,0.005725588
-30.3,0.05961427,0.0057889717
-30.2,0.05960471,0.0058030146
-30.1,0.059530947,0.0057818647
-30.0,0.059402898,0.0057378244
-29.9,0.05923078,0.0056744954
-29.8,0.059015498,0.0055937036
-29.7,0.058768447,0.0055010812
-29.6,0.05851117,0.0054181884
-29.5,0.058267105,0.005355751
-29.4,0.05806213,0.005321287
-29.3,0.057896566,0.0052990476
-29.2,0.057754435,0.005277334
-29.1,0.057609003,0.005241843
-29.0,0.057453737,0.0052028014
-28.9,0.057289913,0.005177077
-28.8,0.05712382,0.0051729935
-28.7,0.056947086,0.005185325
-28.6,0.056757867,0.0052047414
-28.5,0.05655979,0.0052326326
-28.4,0.05637662,0.0052727284
-28.3,0.056227196,0.005323362
-28.2,0.05611663,0.005372701
-28.1,0.0560348,0.0054037813
-28.0,0.055973906,0.0054057664
-27.9,0.055930078,0.0053878212
-27.8,0.05589702,0.0053657633
-27.7,0.055863578,0.0053478517
-27.6,0.055823762,0.0053229393
-27.5,0.055778813,0.005289232
-27.4,0.055746146,0.0052502654
-27.3,0.05574214,0.005214185
-27.2,0.055779353,0.0051806876
-27.1,0.055849887,0.0051482227
-27.0,0.055936664,0.0051093106
-26.9,0.056023106,0.005055974
-26.8,0.056108482,0.0049856724
-26.7,0.056200527,0.004909811
-26.6,0.056309108,0.0048442543
-26.5,0.056439236,0.0048027094
-26.4,0.05659117,0.004782726
-26.3,0.056767847,0.004771466
-26.2,0.056972504,0.0047572856
-26.1,0.05719538,0.0047265813
-26.0,0.057414047,0.0046725343
-25.9,0.05760638,0.004595246
-25.8,0.05777607,0.0045236074
-25.7,0.057945076,0.0044777775
-25.6,0.05812703,0.0044474383
-25.5,0.058309574,0.004391817
-25.4,0.05846595,0.0042922297
-25.3,0.058575604,0.0041619255
-25.2,0.058633413,0.004026007
-25.1,0.05863996,0.003898615
-25.0,0.05860556,0.0037896412
-24.9,0.05861368,0.0036979232
-24.8,0.05865896,0.0036299254
-24.7,0.058762863,0.0035752726
-24.6,0.058879767,0.0035335203
-24.5,0.05904722,0.0035047927
-24.4,0.059265353,0.0034735946
-24.3,0.059536185,0.0034432241
-24.2,0.0598644,0.00343268
-24.1,0.06026037,0.003477506
-24.0,0.06072511,0.0035930967
-23.9,0.061241258,0.0037840449
-23.8,0.06176969,0.0040550195
-23.7,0.062273502,0.0043889442
-23.6,0.062742755,0.0047559254
-23.5,0.06320018,0.0051187137
-23.4,0.06369406,0.005442177
-23.3,0.06427087,0.0057050823
-23.2,0.06497417,0.0059043295
-23.1,0.06583014,0.0060435757
-23.0,0.0668385,0.0061167595
-22.9,0.067972384,0.006110461
-22.8,0.069187775,0.006020813
-22.7,0.07043672,0.005864978
-22.6,0.07167554,0.005676994
-22.5,0.07286074,0.005481878
-22.4,0.07396668,0.0053009954
-22.3,0.074977316,0.005151551
-22.2,0.07590385,0.0050405716
-22.1,0.07675455,0.004958056
-22.0,0.07753743,0.0048814574
-21.9,0.078250125,0.004790467
-21.8,0.07889344,0.0046612555
-21.7,0.07946797,0.0044856844
-21.6,0.0799834,0.0042875693
-21.5,0.0804454,0.0041020843
-21.4,0.08086367,0.0039416277
-21.3,0.08124561,0.0038200356
-21.2,0.08160904,0.0037433452
-21.1,0.081966676,0.0037026068
-21.0,0.08232328,0.0036584814
-20.9,0.082668655,0.0035854802
-20.8,0.083005145,0.0034894424
-20.7,0.08332772,0.0033893324
-20.6,0.083635956,0.0033017937
-20.5,0.0839278,0.0032408764
-20.4,0.08419981,0.0032119586
-20.3,0.0844377,0.0031997082
-20.2,0.08464318,0.0031966341
-20.1,0.08481417,0.0031992577
-20.0,0.08496864,0.003212736
-19.9,0.08510417,0.0032380144
-19.8,0.0852257,0.0032757078
-19.7,0.085312575,0.0033205985
-19.6,0.08534111,0.0033745952
-19.5,0.08527605,0.0034531672
-19.4,0.08509395,0.0036014859
-19.3,0.08476698,0.0038396874
-19.2,0.08429715,0.0041485718
-19.1,0.08370713,0.0044639353
-19.0,0.083038494,0.0047289734
-18.9,0.08232841,0.00490909
-18.8,0.08160868,0.005003686
-18.7,0.08089294,0.0050251437
-18.6,0.080180295,0.0049988055
-18.5,0.07945482,0.004955043
-18.4,0.07869501,0.004916273
-18.3,0.07787602,0.004886575
-18.2,0.07698503,0.0048590275
-18.1,0.07603707,0.004822863
-18.0,0.075071305,0.004779088
-17.9,0.07414015,0.0047204806
-17.8,0.073269464,0.0046403254
-17.7,0.07245972,0.0045313966
-17.6,0.071686536,0.004386596
-17.5,0.07093509,0.0042101517
-17.4,0.070201315,0.0040144185
-17.3,0.06949042,0.0038181401
-17.2,0.068807855,0.0036466038
-17.1,0.068158604,0.0035146072
-17.0,0.06754624,0.0034247674
-16.9,0.06696816,0.0033711293
-16.8,0.066418186,0.0033495352
-16.7,0.06587801,0.0033391772
-16.6,0.06532721,0.0033181123
-16.5,0.0647645,0.0032743907
-16.4,0.06419766,0.0032196757
-16.3,0.06365035,0.0031671526
-16.2,0.063134566,0.0031138635
-16.1,0.06265994,0.0030540535
-16.0,0.062229242,0.0029762012
-15.9,0.061836895,0.0028788596
-15.8,0.061476298,0.0027765736
-15.7,0.061141957,0.0026869047
-15.6,0.06083962,0.0026189971
-15.5,0.06058469,0.0025670726
-15.4,0.060391016,0.0025225831
-15.3,0.060260534,0.0024853097
-15.2,0.06018349,0.0024576187
-15.1,0.06014707,0.0024410228
-15.0,0.060137723,0.0024428454
-14.9,0.06014769,0.0024715979
-14.8,0.060160726,0.0025342293
-14.7,0.060172725,0.0026275131
-14.6,0.0601918,0.0027308832
-14.5,0.060237303,0.002823531
-14.4,0.060320668,0.0028914008
-14.3,0.060436,0.0029405495
-14.2,0.060568534,0.0029785028
-14.1,0.06070952,0.003005411
-14.0,0.060856573,0.003019903
-13.9,0.06101337,0.0030268766
-13.8,0.061178997,0.003036019
-13.7,0.06135034,0.003057104
-13.6,0.06152487,0.0030895069
-13.5,0.06170497,0.0031276678
-13.4,0.061893836,0.0031645754
-13.3,0.06209642,0.0031971515
-13.2,0.06231601,0.0032213689
-13.1,0.06255301,0.0032337117
-13.0,0.062806435,0.003238806
-12.9,0.063071415,0.0032503244
-12.8,0.06333999,0.0032804494
-12.7,0.063609034,0.0033386862
-12.6,0.06387381,0.0034172954
-12.5,0.064138815,0.0034980513
-12.4,0.06440511,0.0035657068
-12.3,0.06467109,0.0036245731
-12.2,0.06492867,0.0036920437
-12.1,0.06516729,0.0037805468
-12.0,0.06539082,0.003889083
-11.9,0.06560387,0.00399461
-11.8,0.06580858,0.0040730927
-11.7,0.06599387,0.0041039377
-11.6,0.066154405,0.004079311
-11.5,0.06628983,0.0040053907
-11.4,0.066406146,0.0038990832
-11.3,0.066511504,0.003783124
-11.2,0.066613585,0.0036728063
-11.1,0.06671011,0.003572305
-11.0,0.06679592,0.0034806512
-10.9,0.06686163,0.0033929574
-10.8,0.06690515,0.0033143552
-10.7,0.06691969,0.003254454
-10.6,0.066904224,0.0032209177
-10.5,0.066866845,0.0032117635
-10.4,0.06681708,0.0032205554
-10.3,0.06676531,0.0032414948
-10.2,0.06670936,0.0032626851
-10.1,0.06665782,0.003280216
-10.0,0.066614054,0.0032893824
-9.9,0.066573106,0.0032723967
-9.8,0.06652942,0.0032409376
-9.7,0.06647373,0.0032083783
-9.6,0.06640866,0.0032029648
-9.5,0.06632242,0.0032179046
-9.4,0.06621097,0.0032486632
-9.3,0.0660822,0.0032899247
-9.2,0.06595674,0.003341364
-9.1,0.06584785,0.0033962054
-9.0,0.06576988,0.003450369
-8.9,0.06573271,0.003504043
-8.8,0.06574656,0.003559743
-8.7,0.065811895,0.0036211358
-8.6,0.06592852,0.0036781433
-8.5,0.06610349,0.0037267248
-8.4,0.06633339,0.0037684492
-8.3,0.06660954,0.0038043703
-8.2,0.066914804,0.00383374
-8.1,0.067232996,0.003848736
-8.0,0.067551225,0.0038526268
-7.9,0.06786474,0.0038557397
-7.8,0.06817542,0.0038697599
-7.7,0.06848513,0.0038946657
-7.6,0.06879049,0.003912784
-7.5,0.06909389,0.003897683
-7.4,0.0693991,0.0038322436
-7.3,0.06970666,0.003723155
-7.2,0.07000351,0.0035996453
-7.1,0.070272155,0.0034990632
-7.0,0.07050213,0.0034520205
-6.9,0.07069514,0.0034682518
-6.8,0.07087422,0.0035398174
-6.7,0.0710593,0.0036455693
-6.6,0.07126748,0.0037643742
-6.5,0.07150927,0.0038857653
-6.4,0.07180107,0.004012138
-6.3,0.072157696,0.004169975
-6.2,0.07258572,0.004386747
-6.1,0.073089324,0.00466497
-6.0,0.07366848,0.004971911
-5.9,0.07431507,0.005272025
-5.8,0.075008534,0.005545039
-5.7,0.07572962,0.0057819085
-5.6,0.07646188,0.005988249
-5.5,0.07720162,0.006175544
-5.4,0.07794686,0.0063521336
-5.3,0.07869749,0.006511942
-5.2,0.07944767,0.0066387225
-5.1,0.0801957,0.0067249914
-5.0,0.08093636,0.006768642
-4.9,0.08166798,0.0067774523
-4.8,0.08239324,0.0067590075
-4.7,0.08312131,0.0067074457
-4.6,0.08385987,0.006607256
-4.5,0.08460174,0.006449152
-4.4,0.085330985,0.0062414473
-4.3,0.086038664,0.0060094595
-4.2,0.08671712,0.005783189
-4.1,0.08735953,0.0055849943
-4.0,0.087945126,0.0054042977
-3.9,0.0884671,0.00522859
-3.8,0.08892724,0.0050640376
-3.7,0.08933044,0.004929899
-3.6,0.08967552,0.004821433
-3.5,0.0899696,0.0047128904
-3.4,0.09023822,0.004601334
-3.3,0.0905061,0.004490554
-3.2,0.09079225,0.0043770294
-3.1,0.091100685,0.0042449525
-3.0,0.09142873,0.0040890584
-2.9,0.09175844,0.0039187395
-2.8,0.09207305,0.0037440006
-2.7,0.092374004,0.0035850443
-2.6,0.09267846,0.0034617702
-2.5,0.09300925,0.0033929136
-2.4,0.09338275,0.0033702601
-2.3,0.09380603,0.0033752585
-2.2,0.09428153,0.003396339
-2.1,0.09481111,0.0034311626
-2.0,0.09539683,0.0034789501
-1.9,0.09604967,0.0035375655
-1.8,0.096767195,0.003595229
-1.7,0.09752806,0.0036499093
-1.6,0.09829569,0.0037019826
-1.5,0.099044345,0.0037641728
-1.4,0.09977699,0.0038339277
-1.3,0.100498974,0.003902984
-1.2,0.10121391,0.0039682556
-1.1,0.10191394,0.0040288493
-1.0,0.10259397,0.0040896186
-0.9,0.10324688,0.0041557513
-0.8,0.103864916,0.0042268117
-0.7,0.104436845,0.0042967726
-0.6,0.10494592,0.0043627014
-0.5,0.10539459,0.0044180565
-0.4,0.105786994,0.004456304
-0.3,0.10613309,0.004472045
-0.2,0.10644107,0.0044719824
-0.1,0.106720634,0.0044565094
-0.0,0.106967375,0.0044166762
0.1,0.10716607,0.0043554152
0.2,0.10732173,0.004293153
0.3,0.10745949,0.0042545306
0.4,0.107591964,0.004246851
0.5,0.10772062,0.0042727627
0.6,0.107856564,0.0043510105
0.7,0.108015366,0.0044872686
0.8,0.10819899,0.0046565933
0.9,0.10839193,0.004815488
1.0,0.10856874,0.004948078
1.1,0.10871441,0.005058083
1.2,0.10882856,0.005146312
1.3,0.10893598,0.0052088504
1.4,0.109066434,0.0052432204
1.5,0.10922875,0.005254229
1.6,0.10942429,0.005247395
1.7,0.10963698,0.005238466
1.8,0.109856784,0.005242718
1.9,0.11006793,0.0052615227
2.0,0.110262975,0.0052863173
2.1,0.11044019,0.0053069415
2.2,0.110599436,0.0053211283
2.3,0.1107299,0.005328506
2.4,0.11082489,0.0053215767
2.5,0.11088383,0.005294253
2.6,0.11092168,0.0052446816
2.7,0.11094906,0.005187972
2.8,0.11098264,0.005141326
2.9,0.11103064,0.0051154625
3.0,0.11110141,0.005109805
3.1,0.111175105,0.005113216
3.2,0.111221634,0.005116332
3.3,0.111210294,0.0051076165
3.4,0.11113462,0.0050862865
3.5,0.111009404,0.0050505805
3.6,0.11084806,0.0049930587
3.7,0.110654935,0.0049085356
3.8,0.11043322,0.004818172
3.9,0.11019332,0.004765993
4.0,0.10995704,0.004786121
4.1,0.109729365,0.004878652
4.2,0.10950652,0.0050284117
4.3,0.10927665,0.0052135345
4.4,0.10902978,0.0054147835
4.5,0.108753815,0.005605447
4.6,0.10844873,0.005769036
4.7,0.108136415,0.0058996854
4.8,0.10784222,0.0059941565
4.9,0.107575886,0.0060607595
5.0,0.107325934,0.00610949
5.1,0.10707814,0.00616454
5.2,0.10681378,0.0062400196
5.3,0.10652605,0.00633649
5.4,0.10621313,0.0064464947
5.5,0.10587985,0.0065636667
5.6,0.105523326,0.0066836947
5.7,0.10514493,0.006795359
5.8,0.104750544,0.0068850126
5.9,0.10434036,0.006962407
6.0,0.103895664,0.0070487615
6.1,0.1033966,0.007152407
6.2,0.10283047,0.0072598043
6.3,0.10219597,0.007346912
6.4,0.101499856,0.0074028308
6.5,0.10075832,0.007406509
6.6,0.099971615,0.0073568667
6.7,0.099131815,0.007269518
6.8,0.098234706,0.007181627
6.9,0.09730089,0.0071215536
7.0,0.0963597,0.007079651
7.1,0.09544205,0.0070255017
7.2,0.09456794,0.00693869
7.3,0.09373362,0.0068254713
7.4,0.092921,0.006705168
7.5,0.09211537,0.0065869717
7.6,0.091317296,0.0064623514
7.7,0.0905182,0.006328975
7.8,0.08970613,0.006191798
7.9,0.08886376,0.00606567
8.0,0.087988645,0.005947584
8.1,0.08709731,0.005825598
8.2,0.08620891,0.0056983205
8.3,0.08534236,0.0055870046
8.4,0.08450641,0.00554371
8.5,0.08370871,0.0056258827
8.6,0.082941815,0.0058592292
8.7,0.08219047,0.0061637945
8.8,0.08143661,0.0063942317
8.9,0.08066789,0.0064384383
9.0,0.07987711,0.0063184835
9.1,0.07906518,0.006147027
9.2,0.07823212,0.0059580463
9.3,0.07737575,0.0056834985
9.4,0.07650665,0.0053004003
9.5,0.07564376,0.004905159
9.6,0.07481195,0.004619927
9.7,0.07402201,0.00445424
9.8,0.07327899,0.0043645143
9.9,0.07258445,0.004322675
10.0,0.07194512,0.0042998507
10.1,0.07136576,0.0042805183
10.2,0.07084287,0.004253183
10.3,0.07036584,0.0042189453
10.4,0.06993111,0.0041731605
10.5,0.06954404,0.004116846
10.6,0.069200836,0.0040594325
10.7,0.06889549,0.0040194537
10.8,0.06861283,0.00400281
10.9,0.068346746,0.003999397
11.0,0.06808921,0.0039896374
11.1,0.0678419,0.0039676824
11.2,0.06761466,0.0039336095
11.3,0.06741618,0.0039060852
11.4,0.06725192,0.0038911102
11.5,0.06711924,0.0038894243
11.6,0.067017905,0.0038956844
11.7,0.06694264,0.0039076605
11.8,0.06688707,0.0039348016
11.9,0.06684007,0.0039801146
12.0,0.06679317,0.004044725
12.1,0.06675204,0.0041289306
12.2,0.06672271,0.004233108
12.3,0.06671587,0.004355265
12.4,0.06672635,0.00448711
12.5,0.06675067,0.004622946
12.6,0.06678394,0.004761671
12.7,0.066824146,0.004900802
12.8,0.066876054,0.0050381515
12.9,0.06694942,0.0051818504
13.0,0.06704769,0.005334479
13.1,0.06716385,0.005500664
13.2,0.067277685,0.0056738746
13.3,0.0673782,0.0058516143
13.4,0.067474596,0.0060292324
13.5,0.06758185,0.00620185
13.6,0.067706265,0.0063682147
13.7,0.06783889,0.0065276865
13.8,0.06798056,0.006680503
13.9,0.06814149,0.0068257693
14.0,0.06833189,0.006958822
14.1,0.0685486,0.0070753093
14.2,0.06878399,0.0071750805
14.3,0.06903256,0.007271701
14.4,0.06929103,0.007377314
14.5,0.06956126,0.0074984515
14.6,0.069847636,0.007634193
14.7,0.07015569,0.007770421
14.8,0.070487194,0.007897159
14.9,0.07085087,0.008004778
15.0,0.07125156,0.0080987215
15.1,0.07169615,0.0081764655
15.2,0.07217503,0.008228101
15.3,0.0726781,0.008248591
15.4,0.07319115,0.008244489
15.5,0.07371278,0.008229394
15.6,0.07424746,0.008215047
15.7,0.07479553,0.008202111
15.8,0.075353526,0.008189735
15.9,0.07591856,0.008174168
16.0,0.07650141,0.0081571285
16.1,0.07710814,0.008133832
16.2,0.07774042,0.00809287
16.3,0.0783835,0.008027713
16.4,0.0790189,0.007944065
16.5,0.07962936,0.007849312
16.6,0.08020515,0.0077455966
16.7,0.080740355,0.0076309363
16.8,0.08123969,0.007513112
16.9,0.0817113,0.007400605
17.0,0.08216986,0.007292534
17.1,0.0826152,0.0071860515
17.2,0.083049126,0.0070797666
17.3,0.08347107,0.0069695977
17.4,0.08388776,0.006840951
17.5,0.08430414,0.006676649
17.6,0.084711954,0.006468439
17.7,0.08508736,0.006219369
17.8,0.08541166,0.0059516416
17.9,0.085682616,0.005700288
18.0,0.08589452,0.00549688
18.1,0.086019665,0.005339554
18.2,0.086039364,0.005206224
18.3,0.085971534,0.0050735315
18.4,0.08585028,0.00494466
18.5,0.085709125,0.004845545
18.6,0.08558547,0.004797887
18.7,0.08552047,0.004800132
18.8,0.08554761,0.0048332824
18.9,0.08565742,0.004869764
19.0,0.085819796,0.0048965956
19.1,0.08598077,0.0048962673
19.2,0.0860974,0.004862313
19.3,0.086127296,0.004789335
19.4,0.08605012,0.0046920204
19.5,0.08585669,0.004593774
19.6,0.08556566,0.004510155
19.7,0.08522001,0.004444969
19.8,0.08487834,0.0043902528
19.9,0.084581815,0.0043472704
20.0,0.08432197,0.004323222
20.1,0.08406883,0.004317696
20.2,0.08378591,0.004317131
20.3,0.08348106,0.0043234145
20.4,0.0831671,0.0043329587
20.5,0.082861856,0.004368008
20.6,0.082557485,0.004419703
20.7,0.0822458,0.004490282
20.8,0.08192386,0.004554778
20.9,0.0815894,0.0045838454
21.0,0.08123557,0.004562185
21.1,0.08084248,0.0045072804
21.2,0.08038045,0.004455464
21.3,0.07981236,0.004430708
21.4,0.07911308,0.0044399467
21.5,0.078265056,0.004463488
21.6,0.07726771,0.004466644
21.7,0.07613944,0.0044118874
21.8,0.07493035,0.0042884694
21.9,0.07372626,0.004115489
22.0,0.07261891,0.0039345045
22.1,0.071676224,0.0037849455
22.2,0.070908286,0.003680533
22.3,0.07029165,0.0036060987
22.4,0.06979283,0.0035456705
22.5,0.06939402,0.0034893798
22.6,0.06907876,0.0034391067
22.7,0.06884503,0.0034014957
22.8,0.06868797,0.0033864183
22.9,0.068608046,0.0034132074
23.0,0.06859257,0.0034961738
23.1,0.068623714,0.0036358444
23.2,0.068685465,0.0038102623
23.3,0.06877015,0.0040007303
23.4,0.068884745,0.00418722
23.5,0.0690496,0.0043550283
23.6,0.069274455,0.0044915
23.7,0.069553375,0.004596108
23.8,0.069869325,0.0046664886
23.9,0.07019875,0.0047124284
24.0,0.07050904,0.0047498615
24.1,0.07075841,0.004806817
24.2,0.0709227,0.004894135
24.3,0.071001895,0.005011889
24.4,0.0710143,0.0051598568
24.5,0.07098368,0.005338252
24.6,0.07093468,0.0055347118
24.7,0.0708826,0.005735029
24.8,0.07083368,0.005920124
24.9,0.070783585,0.006073901
25.0,0.07073022,0.0061684134
25.1,0.0706708,0.006188345
25.2,0.07060706,0.0061301556
25.3,0.07053793,0.0060083657
25.4,0.07046379,0.005830033
25.5,0.07037309,0.005608267
25.6,0.07024894,0.0053566713
25.7,0.07007111,0.0050979857
25.8,0.0698318,0.004856962
25.9,0.06954413,0.004655248
26.0,0.06924114,0.0045030373
26.1,0.06895718,0.0044033634
26.2,0.068709515,0.0043543167
26.3,0.06850171,0.004344681
26.4,0.06833374,0.00434886
26.5,0.06820287,0.004338317
26.6,0.06810577,0.004303011
26.7,0.06804418,0.0042476756
26.8,0.06801622,0.004185481
26.9,0.06801646,0.004120025
27.0,0.06803517,0.0040486264
27.1,0.06807759,0.0039657913
27.2,0.068143144,0.0038779844
27.3,0.06823181,0.0037923115
27.4,0.06833454,0.0037195547
27.5,0.06845453,0.0036647464
27.6,0.06858899,0.0036270525
27.7,0.06873525,0.003596414
27.8,0.068883136,0.003561682
27.9,0.06902659,0.0035236562
28.0,0.069159165,0.0034829534
28.1,0.06927216,0.0034520135
28.2,0.06936144,0.0034410958
28.3,0.0694167,0.0034566973
28.4,0.06943541,0.0034925607
28.5,0.069415666,0.0035475132
28.6,0.06937379,0.0036159337
28.7,0.06931885,0.0036873985
28.8,0.069260694,0.0037429167
28.9,0.069197685,0.0037727514
29.0,0.06913141,0.0037808525
29.1,0.06905785,0.0037683148
29.2,0.0689731,0.0037414155
29.3,0.068876006,0.0037043055
29.4,0.06876961,0.0036656419
29.5,0.068659574,0.0036360405
29.6,0.068539426,0.003619438
29.7,0.06839986,0.003616646
29.8,0.06822891,0.0036416573
29.9,0.0680321,0.0037084166
30.0,0.06782432,0.0038296306
30.1,0.06762771,0.0039946283
30.2,0.067448564,0.004189675
30.3,0.06727803,0.0043925936
30.4,0.067100056,0.004569074
30.5,0.06690931,0.0047017843
30.6,0.066710174,0.004783952
30.7,0.06650385,0.0048400247
30.8,0.06628458,0.004876588
30.9,0.06604826,0.004897909
31.0,0.065793775,0.004893728
31.1,0.065527596,0.0048582256
31.2,0.06524785,0.0047833603
31.3,0.06496316,0.0046702097
31.4,0.06467939,0.0045299055
31.5,0.064404115,0.0043818844
31.6,0.064138204,0.004235581
31.7,0.063883156,0.0040934626
31.8,0.06364445,0.0039543826
31.9,0.06343382,0.0038218964
32.0,0.063253425,0.003701433
32.1,0.06310121,0.0036085825
32.2,0.06296417,0.0035498948
32.3,0.06283417,0.0035207353
32.4,0.06269774,0.003494831
32.5,0.06254849,0.0034558608
32.6,0.062386308,0.0033996992
32.7,0.06222236,0.0033414792
32.8,0.062061958,0.00329293
32.9,0.06190135,0.0032569626
33.0,0.061729882,0.0032256448
33.1,0.061537087,0.003196354
33.2,0.06132792,0.003178727
33.3,0.061112527,0.003184968
33.4,0.060902406,0.003213187
33.5,0.060699183,0.0032562893
33.6,0.060504194,0.0033005434
33.7,0.06031401,0.003339548
33.8,0.06013251,0.0033691898
33.9,0.059961975,0.0033866619
34.0,0.05980667,0.0033914633
34.1,0.05967327,0.003383453
34.2,0.05956888,0.0033679388
34.3,0.059504356,0.0033431328
34.4,0.05948696,0.0033128082
34.5,0.059516896,0.0032836448
34.6,0.059590276,0.0032693446
34.7,0.05968953,0.0032775712
34.8,0.059798572,0.0033087637
34.9,0.05990335,0.0033560244
35.0,0.059998687,0.0034115207
35.1,0.06008466,0.0034708877
35.2,0.060166344,0.0035317678
35.3,0.0602453,0.003577461
35.4,0.060323104,0.0036007855
35.5,0.060398348,0.0036038407
35.6,0.060466778,0.0035912883
35.7,0.060534634,0.0035851016
35.8,0.060597554,0.0036191235
35.9,0.06066221,0.0037444837
36.0,0.060712095,0.003802147
36.1,0.060752563,0.0037740278
36.2,0.06078012,0.0036532267
36.3,0.060801875,0.0036188134
36.4,0.06080899,0.0036803768
36.5,0.06080073,0.0038019777
36.6,0.060778357,0.003934714
36.7,0.060749274,0.004047959
36.8,0.060711347,0.00411565
36.9,0.060658023,0.0041242284
37.0,0.06057761,0.0040754643
37.1,0.06047152,0.003988269
37.2,0.060347363,0.0038976464
37.3,0.060212817,0.0038280024
37.4,0.060068663,0.0037874659
37.5,0.059915964,0.003777271
37.6,0.05975574,0.0037933392
37.7,0.059581425,0.0038358963
37.8,0.059387043,0.003890114
37.9,0.059158027,0.003942146
38.0,0.05888904,0.003976294
38.1,0.058565084,0.003994422
38.2,0.058186468,0.003995245
38.3,0.057747744,0.0039904923
38.4,0.057262454,0.003979693
38.5,0.056739744,0.0039785863
38.6,0.056194328,0.0039969827
38.7,0.055635855,0.0040410887
38.8,0.055072255,0.004105822
38.9,0.054517344,0.0041700345
39.0,0.053977273,0.004211058
39.1,0.05345802,0.0042097303
39.2,0.05296061,0.0041721696
39.3,0.05248813,0.0041126907
39.4,0.052054204,0.0040525137
39.5,0.05166357,0.0040032547
39.6,0.05132701,0.0039690714
39.7,0.051031522,0.0039416873
39.8,0.050771825,0.00392348
39.9,0.05053219,0.003911817
40.0,0.050311036,0.003926219
40.1,0.05010789,0.0039645033
40.2,0.049918905,0.0040253787
40.3,0.049741827,0.004097441
40.4,0.04957532,0.004165231
40.5,0.049422503,0.0042226305
40.6,0.04928529,0.004266012
40.7,0.04915775,0.0042960243
40.8,0.04904173,0.0043170624
40.9,0.048936315,0.0043254797
41.0,0.04885058,0.0043300693
41.1,0.04877696,0.0043320116
41.2,0.048703402,0.0043259794
41.3,0.048615407,0.00430857
41.4,0.04850287,0.0042762277
41.5,0.04836481,0.0042326264
41.6,0.048198115,0.004190586
41.7,0.048003923,0.004154242
41.8,0.047786824,0.004138034
41.9,0.047553413,0.0041355183
42.0,0.047315966,0.004141697
42.1,0.047078513,0.0041523017
42.2,0.046850912,0.0041576666
42.3,0.046630003,0.004157887
42.4,0.04642026,0.004147849
42.5,0.04620749,0.004122032
42.6,0.04599213,0.004082542
42.7,0.0457668,0.004021145
42.8,0.04553432,0.0039458284
42.9,0.045297917,0.0038475115
43.0,0.045058176,0.0037290482
43.1,0.044823833,0.0035915142
43.2,0.04459084,0.003441772
43.3,0.044371225,0.003298474
43.4,0.04416513,0.0031677436
43.5,0.043990772,0.0030656096
43.6,0.043848075,0.0029887543
43.7,0.04375399,0.0029474786
43.8,0.043703903,0.0029405346
43.9,0.043705657,0.0029612728
44.0,0.04374078,0.003001187
44.1,0.043804515,0.0030490262
44.2,0.043878667,0.0031045254
44.3,0.043958448,0.003167845
44.4,0.044029906,0.0032263102
44.5,0.044091452,0.003278903
44.6,0.044137448,0.0033015856
44.7,0.044170797,0.003304334
44.8,0.04419324,0.00328278
44.9,0.044216953,0.0032637767
45.0,0.04424879,0.0032532506
45.1,0.04429386,0.003261601
45.2,0.044348832,0.0032757672
45.3,0.04440303,0.0032784878
45.4,0.044448406,0.003264219
45.5,0.044475164,0.0032329238
45.6,0.044493545,0.003203944
45.7,0.044506684,0.0031804412
45.8,0.044526245,0.0031754961
45.9,0.04455211,0.003189362
46.0,0.044583526,0.0032231454
46.1,0.044618163,0.0032813253
46.2,0.04465777,0.0033604023
46.3,0.044705424,0.0034669933
46.4,0.044760924,0.0035861454
46.5,0.044812877,0.0037059665
46.6,0.044852994,0.0038027074
46.7,0.044866372,0.0038672353
46.8,0.044861436,0.0039052768
46.9,0.044839602,0.0039314013
47.0,0.044821784,0.0039628954
47.1,0.04481039,0.0040015914
47.2,0.04481828,0.0040422822
47.3,0.044847026,0.0040857755
47.4,0.044906143,0.004136761
47.5,0.04499725,0.004204699
47.6,0.045118857,0.004271098
47.7,0.045261208,0.0043248357
47.8,0.045411892,0.0043452703
47.9,0.04556254,0.004342806
48.0,0.045704544,0.0043220446
48.1,0.04583484,0.0043012598
48.2,0.045952175,0.0042812484
48.3,0.046060815,0.0042697
48.4,0.0461631,0.004263639
48.5,0.046256866,0.004265022
48.6,0.04633541,0.00426279
48.7,0.046393696,0.0042473027
48.8,0.04643242,0.004210887
48.9,0.04645475,0.004153172
49.0,0.04646901,0.0040887916
49.1,0.04648329,0.0040225927
49.2,0.046505462,0.0039666556
49.3,0.04654449,0.003915381
49.4,0.046601098,0.0038769594
49.5,0.046674196,0.003849107
49.6,0.04676158,0.0038363005
49.7,0.046853583,0.003828319
49.8,0.04694865,0.0038229858
49.9,0.047039174,0.0038087964
50.0,0.04712686,0.003788446
50.1,0.047219794,0.003751692
50.2,0.047320392,0.0037060643
50.3,0.047436684,0.0036550872
50.4,0.047559932,0.0036181095
50.5,0.047691762,0.0036025224
50.6,0.04783527,0.0036162531
50.7,0.047991183,0.00365471
50.8,0.048165135,0.0037127254
50.9,0.048346628,0.0037821922
51.0,0.048534896,0.003855529
51.1,0.048725225,0.0039282544
51.2,0.048916664,0.003992958
51.3,0.049106475,0.0040506874
51.4,0.049282193,0.004095515
51.5,0.049445465,0.004130779
51.6,0.049590424,0.004150945
51.7,0.049726546,0.0041604633
51.8,0.049850103,0.004162195
51.9,0.049971476,0.004162184
52.0,0.050098494,0.00416663
52.1,0.050235998,0.0041799624
52.2,0.050396524,0.0042023975
52.3,0.050578535,0.004240845
52.4,0.05079118,0.00430496
52.5,0.05103108,0.0044057444
52.6,0.051294435,0.004531639
52.7,0.05158208,0.0046628253
52.8,0.051879738,0.004782646
52.9,0.052183148,0.0048869825
53.0,0.052477885,0.0049850205
53.1,0.05276199,0.0050805584
53.2,0.053028814,0.005180396
53.3,0.053286813,0.0052819243
53.4,0.053538017,0.005383794
53.5,0.053793408,0.005483096
53.6,0.054052096,0.0055769617
53.7,0.054312106,0.005668783
53.8,0.054570917,0.00575465
53.9,0.054823257,0.005841172
54.0,0.055068444,0.0059212483
54.1,0.055307288,0.006002311
54.2,0.055545557,0.0060832826
54.3,0.05578785,0.006173839
54.4,0.056038834,0.006276272
54.5,0.056289863,0.0063898694
54.6,0.056544684,0.0065099737
54.7,0.056800615,0.0066307685
54.8,0.05706685,0.0067472183
54.9,0.057347387,0.0068591037
55.0,0.057645593,0.0069625396
55.1,0.057960212,0.0070625683
55.2,0.058288205,0.0071557076
55.3,0.058620144,0.0072489963
55.4,0.05895521,0.007334932
55.5,0.059290454,0.007418128
55.6,0.059627067,0.0074918033
55.7,0.059956666,0.007557345
55.8,0.060275316,0.0076154876
55.9,0.060582135,0.0076624383
56.0,0.06088282,0.0077009974
56.1,0.061180513,0.007724491
56.2,0.0614828,0.007737473
56.3,0.061788723,0.0077368487
56.4,0.06210128,0.0077324216
56.5,0.062416438,0.007727359
56.6,0.06273818,0.007727428
56.7,0.063064344,0.007736857
56.8,0.06339418,0.007754115
56.9,0.063728005,0.0077731423
57.0,0.06406817,0.007786602
57.1,0.064414375,0.007794173
57.2,0.0647661,0.007791992
57.3,0.06512594,0.0077840807
57.4,0.06549632,0.00776775
57.5,0.06587281,0.0077538854
57.6,0.06625819,0.007742236
57.7,0.06664458,0.0077352226
57.8,0.067040615,0.0077300007
57.9,0.067434885,0.0077266516
58.0,0.06783414,0.0077216364
58.1,0.068228245,0.0077146874
58.2,0.06862182,0.0077031483
58.3,0.06900897,0.0076927664
58.4,0.06939637,0.00768346
58.5,0.06977622,0.0076776934
58.6,0.07015511,0.0076759835
58.7,0.07052453,0.0076750475
58.8,0.070895836,0.0076740948
58.9,0.07127128,0.007671666
59.0,0.07165555,0.0076687424
59.1,0.07204848,0.007661558
59.2,0.07244671,0.007654479
59.3,0.07286521,0.0076377736
59.4,0.07330041,0.0076125567
59.5,0.07376582,0.007568354
59.6,0.07425892,0.007506046
59.7,0.0747857,0.007421021
59.8,0.07533761,0.0073142685
59.9,0.07591282,0.0071968483
60.0,0.07650472,0.007068718
60.1,0.07710317,0.0069387704
60.2,0.07770413,0.0068086423
60.3,0.07829714,0.0066854833
60.4,0.07888718,0.0065703266
60.5,0.07946221,0.0064640413
60.6,0.080026545,0.0063648755
60.7,0.08057256,0.006274494
60.8,0.08110201,0.006195246
60.9,0.08161903,0.0061271195
61.0,0.082119204,0.0060659004
61.1,0.082609445,0.006014016
61.2,0.08309145,0.0059770653
61.3,0.08357701,0.0059528938
61.4,0.084061496,0.0059460364
61.5,0.08454592,0.0059562647
61.6,0.08504264,0.005980718
61.7,0.085550375,0.0060193692
61.8,0.08607716,0.0060725207
61.9,0.08661908,0.0061373096
62.0,0.08718321,0.0062096873
62.1,0.087769814,0.0062898197
62.2,0.08836924,0.006374487
62.3,0.08898771,0.006461714
62.4,0.08961525,0.006551151
62.5,0.090264864,0.0066376464
62.6,0.090935186,0.006718628
62.7,0.091628894,0.006794298
62.8,0.0923442,0.0068710693
62.9,0.09307545,0.0069426834
63.0,0.093831636,0.0070104953
63.1,0.09460318,0.007081558
63.2,0.09538809,0.0071618753
63.3,0.096184775,0.007252913
63.4,0.096990354,0.007354365
63.5,0.0978185,0.007463557
63.6,0.09866849,0.0075776214
63.7,0.09954574,0.0076924125
63.8,0.10045348,0.007795701
63.9,0.101394944,0.007872279
64.0,0.102379225,0.007920824
64.1,0.103399254,0.00795287
64.2,0.10445551,0.0079537695
64.3,0.10555709,0.007912741
64.4,0.10669879,0.007828587
64.5,0.10786797,0.0077189733
64.6,0.10906175,0.007585153
64.7,0.11027792,0.007415112
64.8,0.111520946,0.0072196894
64.9,0.11276278,0.0070176884
65.0,0.114006326,0.0068181064
65.1,0.11525609,0.0066185277
65.2,0.11650078,0.006423705
65.3,0.11772759,0.006249268
65.4,0.118925,0.0061030965
65.5,0.120102376,0.005975203
65.6,0.121258855,0.0058732945
65.7,0.12237742,0.0058017173
65.8,0.123463504,0.005743669
65.9,0.124526106,0.0056973128
66.0,0.1255678,0.0056656008
66.1,0.12659183,0.0056490083
66.2,0.12759875,0.005643548
66.3,0.12859367,0.005646153
66.4,0.1295842,0.0056618713
66.5,0.13056378,0.005693639
66.6,0.13153867,0.005730062
66.7,0.13251212,0.005772499
66.8,0.13348207,0.005826669
66.9,0.13444865,0.005877011
67.0,0.1354101,0.0059300237
67.1,0.13635823,0.0059794434
67.2,0.13729772,0.006025478
67.3,0.13822788,0.006070096
67.4,0.1391517,0.006112221
67.5,0.14007688,0.006154663
67.6,0.1410019,0.0061928523
67.7,0.14192826,0.006228679
67.8,0.14286123,0.006264102
67.9,0.14380515,0.006307798
68.0,0.14476264,0.006346887
68.1,0.14573154,0.006386338
68.2,0.14670524,0.0064308257
68.3,0.14769074,0.0064703873
68.4,0.14868575,0.006511729
68.5,0.14968881,0.0065549025
68.6,0.15070145,0.006598317
68.7,0.15172933,0.0066412445
68.8,0.15277044,0.0066819713
68.9,0.15382683,0.0067189406
69.0,0.15489554,0.0067594876
69.1,0.1559726,0.00679864
69.2,0.15705924,0.006832823
69.3,0.15815243,0.006861082
69.4,0.15924792,0.0068812463
69.5,0.16035114,0.0068972306
69.6,0.16145907,0.0069130515
69.7,0.1625734,0.0069248946
69.8,0.16369317,0.006933557
69.9,0.16482066,0.0069379536
70.0,0.16595918,0.0069372803
70.1,0.16710751,0.006935402
70.2,0.1682705,0.006939171
70.3,0.16944762,0.006933871
70.4,0.170637,0.0069253575
70.5,0.17183816,0.006914958
70.6,0.173054,0.006903646
70.7,0.17428398,0.0068900445
70.8,0.1755309,0.006880382
70.9,0.17679903,0.006868714
71.0,0.17808014,0.006859153
71.1,0.17938027,0.0068544922
71.2,0.18070553,0.0068472223
71.3,0.18204242,0.0068388996
71.4,0.18339525,0.0068399366
71.5,0.18476693,0.0068452726
71.6,0.18615805,0.0068446794
71.7,0.18756767,0.00684332
71.8,0.18899651,0.006847532
71.9,0.190446,0.006841655
72.0,0.19191211,0.006844698
72.1,0.19339524,0.0068551414
72.2,0.1949066,0.0068623484
72.3,0.19643866,0.006869734
72.4,0.19799837,0.00688753
72.5,0.19958423,0.006901684
72.6,0.20118983,0.006924885
72.7,0.20281668,0.0069561913
72.8,0.20448059,0.006970908
72.9,0.20614655,0.0069802757
73.0,0.20783119,0.006995726
73.1,0.20953691,0.007026961
73.2,0.21127102,0.0070474874
73.3,0.21301854,0.0070747887
73.4,0.214783,0.0071117533
73.5,0.21655649,0.0071220007
73.6,0.21824507,0.00701948
73.7,0.2198612,0.006857778
73.8,0.22144605,0.006656328
73.9,0.22303869,0.0064893477
74.0,0.22464588,0.0063329125
74.1,0.226197,0.006089718
74.2,0.2276872,0.005787631
74.3,0.22912382,0.0054293526
74.4,0.23054087,0.0050283815
74.5,0.23196921,0.0045739044
74.6,0.23339432,0.0041340603
74.7,0.23485705,0.003810703
74.8,0.23635414,0.0034681861
74.9,0.2377812,0.0030970697
75.0,0.23864916,0.0027061186
75.1,0.23940156,0.0023716767
75.2,nan,nan
75.3,nan,nan
75.4,nan,nan
75.5,nan,nan
75.6,nan,nan
75.7,nan,nan
75.8,nan,nan
75.9,nan,nan
76.0,nan,nan
76.1,nan,nan
76.2,nan,nan
76.3,nan,nan
76.4,nan,nan
76.5,nan,nan
76.6,nan,nan
76.7,nan,nan
76.8,nan,nan
76.9,nan,nan
77.0,nan,nan
77.1,nan,nan
77.2,nan,nan
77.3,nan,nan
77.4,nan,nan
77.5,nan,nan
77.6,nan,nan
77.7,nan,nan
77.8,nan,nan
77.9,nan,nan
78.0,nan,nan
78.1,nan,nan
78.2,nan,nan
78.3,nan,nan
78.4,nan,nan
78.5,nan,nan
78.6,nan,nan
78.7,nan,nan
78.8,nan,nan
78.9,nan,nan
79.0,nan,nan
79.1,nan,nan
79.2,nan,nan
79.3,nan,nan
79.4,nan,nan
79.5,nan,nan
79.6,nan,nan
79.7,nan,nan
79.8,nan,nan
79.9,nan,nan
80.0,nan,nan
80.1,nan,nan
80.2,nan,nan
80.3,nan,nan
80.4,nan,nan
80.5,nan,nan
80.6,nan,nan
80.7,nan,nan
80.8,nan,nan
80.9,nan,nan
81.0,nan,nan
81.1,nan,nan
81.2,nan,nan
81.3,nan,nan
81.4,nan,nan
81.5,nan,nan
81.6,nan,nan
81.7,nan,nan
81.8,nan,nan
81.9,nan,nan
82.0,nan,nan
82.1,nan,nan
82.2,nan,nan
82.3,nan,nan
82.4,nan,nan
82.5,nan,nan
82.6,nan,nan
82.7,nan,nan
82.8,nan,nan
82.9,nan,nan
83.0,nan,nan
83.1,nan,nan
83.2,nan,nan
83.3,nan,nan
83.4,nan,nan
83.5,nan,nan
83.6,nan,nan
83.7,nan,nan
83.8,nan,nan
83.9,nan,nan
84.0,nan,nan
84.1,nan,nan
84.2,nan,nan
84.3,nan,nan
84.4,nan,nan
84.5,nan,nan
84.6,nan,nan
84.7,nan,nan
84.8,nan,nan
84.9,nan,nan
85.0,nan,nan
85.1,nan,nan
85.2,nan,nan
85.3,nan,nan
85.4,nan,nan
85.5,nan,nan
85.6,nan,nan
85.7,nan,nan
85.8,nan,nan
85.9,nan,nan
86.0,nan,nan
86.1,nan,nan
86.2,nan,nan
86.3,nan,nan
86.4,nan,nan
86.5,nan,nan
86.6,nan,nan
86.7,nan,nan
86.8,nan,nan
86.9,nan,nan
87.0,nan,nan
87.1,nan,nan
87.2,nan,nan
87.3,nan,nan
87.4,nan,nan
87.5,nan,nan
87.6,nan,nan
87.7,nan,nan
87.8,nan,nan
87.9,nan,nan
88.0,nan,nan
88.1,nan,nan
88.2,nan,nan
88.3,nan,nan
88.4,nan,nan
88.5,nan,nan
88.6,nan,nan
88.7,nan,nan
88.8,nan,nan
88.9,nan,nan
89.0,nan,nan
89.1,nan,nan
89.2,nan,nan
89.3,nan,nan
89.4,nan,nan
89.5,nan,nan
89.6,nan,nan
89.7,nan,nan
89.8,nan,nan
89.9,nan,nan
90.0,nan,nan
