PC_Latitude,I/F,Error
-90.0,nan,nan
-89.9,nan,nan
-89.8,nan,nan
-89.7,nan,nan
-89.6,nan,nan
-89.5,nan,nan
-89.4,nan,nan
-89.3,nan,nan
-89.2,nan,nan
-89.1,nan,nan
-89.0,nan,nan
-88.9,nan,nan
-88.8,nan,nan
-88.7,nan,nan
-88.6,nan,nan
-88.5,nan,nan
-88.4,nan,nan
-88.3,nan,nan
-88.2,nan,nan
-88.1,nan,nan
-88.0,nan,nan
-87.9,nan,nan
-87.8,nan,nan
-87.7,nan,nan
-87.6,nan,nan
-87.5,nan,nan
-87.4,nan,nan
-87.3,nan,nan
-87.2,nan,nan
-87.1,nan,nan
-87.0,nan,nan
-86.9,nan,nan
-86.8,nan,nan
-86.7,nan,nan
-86.6,nan,nan
-86.5,nan,nan
-86.4,nan,nan
-86.3,nan,nan
-86.2,nan,nan
-86.1,nan,nan
-86.0,nan,nan
-85.9,nan,nan
-85.8,nan,nan
-85.7,nan,nan
-85.6,nan,nan
-85.5,nan,nan
-85.4,nan,nan
-85.3,nan,nan
-85.2,nan,nan
-85.1,nan,nan
-85.0,nan,nan
-84.9,nan,nan
-84.8,nan,nan
-84.7,nan,nan
-84.6,nan,nan
-84.5,nan,nan
-84.4,nan,nan
-84.3,nan,nan
-84.2,nan,nan
-84.1,nan,nan
-84.0,nan,nan
-83.9,nan,nan
-83.8,nan,nan
-83.7,nan,nan
-83.6,nan,nan
-83.5,nan,nan
-83.4,nan,nan
-83.3,nan,nan
-83.2,nan,nan
-83.1,nan,nan
-83.0,nan,nan
-82.9,nan,nan
-82.8,nan,nan
-82.7,nan,nan
-82.6,nan,nan
-82.5,nan,nan
-82.4,nan,nan
-82.3,nan,nan
-82.2,nan,nan
-82.1,nan,nan
-82.0,nan,nan
-81.9,nan,nan
-81.8,nan,nan
-81.7,nan,nan
-81.6,0.34795812,0.011259343
-81.5,0.34656546,0.011576109
-81.4,0.34537488,0.011694778
-81.3,0.34349686,0.011851602
-81.2,0.34151143,0.012029425
-81.1,0.33938783,0.012257139
-81.0,0.3371937,0.012492249
-80.9,0.33504188,0.012748464
-80.8,0.33293104,0.01300865
-80.7,0.33091885,0.013256962
-80.6,0.3289608,0.013549824
-80.5,0.32705042,0.013886191
-80.4,0.3251452,0.014237994
-80.3,0.32328966,0.014608926
-80.2,0.32135352,0.014977001
-80.1,0.31931108,0.0153036965
-80.0,0.3172252,0.015580225
-79.9,0.31517762,0.015874088
-79.8,0.31315053,0.016177045
-79.7,0.3111434,0.01647255
-79.6,0.3091428,0.016777886
-79.5,0.3071454,0.017084112
-79.4,0.30515867,0.017385542
-79.3,0.30322155,0.017685506
-79.2,0.3013081,0.017980129
-79.1,0.29938227,0.018236922
-79.0,0.29747725,0.018446587
-78.9,0.2955773,0.018628076
-78.8,0.29369733,0.018803071
-78.7,0.29184964,0.018970795
-78.6,0.2900004,0.019119142
-78.5,0.28813085,0.019217351
-78.4,0.2862437,0.019245537
-78.3,0.28435946,0.019246113
-78.2,0.2824954,0.019246854
-78.1,0.28064197,0.01924376
-78.0,0.2787934,0.019218793
-77.9,0.27691284,0.019161576
-77.8,0.27499133,0.019061472
-77.7,0.27308074,0.018949127
-77.6,0.27118817,0.018843438
-77.5,0.26930106,0.018726064
-77.4,0.2674118,0.018573722
-77.3,0.26550704,0.018383456
-77.2,0.2635976,0.018170718
-77.1,0.26170126,0.017948795
-77.0,0.25982422,0.01773725
-76.9,0.25794616,0.01752867
-76.8,0.25606653,0.017316079
-76.7,0.25417846,0.017101204
-76.6,0.2523046,0.016887866
-76.5,0.25045064,0.016674455
-76.4,0.24860334,0.016481834
-76.3,0.2467486,0.016299078
-76.2,0.24488781,0.01611318
-76.1,0.24304,0.015930653
-76.0,0.24121419,0.015751965
-75.9,0.23941626,0.015574368
-75.8,0.23765126,0.015402843
-75.7,0.23591381,0.015239075
-75.6,0.23420268,0.015076028
-75.5,0.23250921,0.014923748
-75.4,0.23084562,0.014788436
-75.3,0.22921023,0.014660629
-75.2,0.22760645,0.014548987
-75.1,0.2260319,0.014444833
-75.0,0.22447538,0.014346311
-74.9,0.22293437,0.014268773
-74.8,0.22141036,0.014205007
-74.7,0.21989977,0.01414822
-74.6,0.21841362,0.014100303
-74.5,0.21693924,0.0140547035
-74.4,0.21547115,0.014007658
-74.3,0.21400626,0.013957455
-74.2,0.21255156,0.013905728
-74.1,0.21110311,0.013854686
-74.0,0.20966928,0.013808454
-73.9,0.2082395,0.013757455
-73.8,0.20680217,0.01370584
-73.7,0.20536453,0.013655407
-73.6,0.20394588,0.01360252
-73.5,0.20252927,0.013555812
-73.4,0.20111531,0.01350821
-73.3,0.1996969,0.013456358
-73.2,0.19828266,0.013404362
-73.1,0.19687921,0.013353365
-73.0,0.19547614,0.013294022
-72.9,0.1940747,0.013231078
-72.8,0.19268402,0.0131662125
-72.7,0.19130115,0.013084579
-72.6,0.18993808,0.012982495
-72.5,0.1885961,0.012851945
-72.4,0.18725266,0.012727444
-72.3,0.1859179,0.012595829
-72.2,0.1845839,0.012450936
-72.1,0.18325734,0.012297023
-72.0,0.1819402,0.012147321
-71.9,0.1806199,0.011996882
-71.8,0.17929539,0.0118492115
-71.7,0.17797515,0.011700726
-71.6,0.17664985,0.0115702
-71.5,0.17532742,0.01144415
-71.4,0.17400613,0.011310193
-71.3,0.17268729,0.011174325
-71.2,0.17138803,0.011045798
-71.1,0.17009085,0.01091275
-71.0,0.16880262,0.010768177
-70.9,0.16752622,0.010602305
-70.8,0.16625,0.010451152
-70.7,0.16497925,0.010299072
-70.6,0.16371909,0.01013453
-70.5,0.16247688,0.009957102
-70.4,0.16126369,0.009782146
-70.3,0.16006696,0.009620566
-70.2,0.15890422,0.009454206
-70.1,0.15777281,0.009280695
-70.0,0.15665929,0.009115779
-69.9,0.15556106,0.0089530405
-69.8,0.154476,0.008785097
-69.7,0.15341234,0.008608106
-69.6,0.15237045,0.008428444
-69.5,0.15132925,0.008255034
-69.4,0.15029448,0.0080707185
-69.3,0.14925759,0.007885873
-69.2,0.14822887,0.0077046114
-69.1,0.14721157,0.0075228624
-69.0,0.14619724,0.007347023
-68.9,0.14519551,0.0071735107
-68.8,0.14419067,0.007018607
-68.7,0.14318901,0.0068734097
-68.6,0.14219259,0.006742647
-68.5,0.14120573,0.006624522
-68.4,0.14023834,0.0065168515
-68.3,0.1392695,0.0064319186
-68.2,0.13831504,0.006364283
-68.1,0.13737969,0.0063076112
-68.0,0.13647406,0.0062566414
-67.9,0.1355925,0.006210584
-67.8,0.13472366,0.006173227
-67.7,0.13387096,0.006130836
-67.6,0.13301449,0.0060803434
-67.5,0.13215664,0.006021149
-67.4,0.13129918,0.005954253
-67.3,0.13044286,0.0058845873
-67.2,0.12958923,0.0058144634
-67.1,0.12872802,0.005748585
-67.0,0.12787385,0.0056881257
-66.9,0.12701148,0.0056335423
-66.8,0.1261407,0.0055964817
-66.7,0.12525913,0.0055784425
-66.6,0.12437217,0.0055882726
-66.5,0.123488426,0.0056244587
-66.4,0.1226003,0.005689553
-66.3,0.121721365,0.005783483
-66.2,0.120831475,0.0059154276
-66.1,0.119928755,0.006087823
-66.0,0.11899685,0.0062831407
-65.9,0.118042015,0.006505335
-65.8,0.11704691,0.0067609837
-65.7,0.11600667,0.007045538
-65.6,0.114929706,0.007352615
-65.5,0.11379848,0.00768385
-65.4,0.112615265,0.008034586
-65.3,0.111372545,0.008389764
-65.2,0.11007757,0.008752049
-65.1,0.108709134,0.009110875
-65.0,0.10727649,0.009458519
-64.9,0.1057729,0.009794197
-64.8,0.10420678,0.0101090465
-64.7,0.10257924,0.010396058
-64.6,0.10089417,0.010664506
-64.5,0.09915766,0.010901326
-64.4,0.09736074,0.011093048
-64.3,0.095537856,0.011238099
-64.2,0.093681954,0.0113426875
-64.1,0.091803014,0.011406068
-64.0,0.089927755,0.011394946
-63.9,0.08807874,0.011325708
-63.8,0.08624692,0.011198029
-63.7,0.08444471,0.011007655
-63.6,0.08268082,0.010754867
-63.5,0.0809722,0.0104490705
-63.4,0.07931608,0.010092949
-63.3,0.07773053,0.00970373
-63.2,0.076208465,0.009295817
-63.1,0.07475396,0.0088852625
-63.0,0.073369846,0.008487597
-62.9,0.072071135,0.00811768
-62.8,0.070848666,0.007776463
-62.7,0.06970833,0.0074725277
-62.6,0.06864748,0.007206252
-62.5,0.067671515,0.0069835554
-62.4,0.066767424,0.0068026865
-62.3,0.06593312,0.0066639106
-62.2,0.06515118,0.0065574497
-62.1,0.06440846,0.0064697023
-62.0,0.06369937,0.006377623
-61.9,0.06300253,0.006265454
-61.8,0.062310927,0.0061219363
-61.7,0.061638404,0.005952108
-61.6,0.0609853,0.005765779
-61.5,0.060360093,0.0055614905
-61.4,0.059767727,0.005348682
-61.3,0.05921351,0.0051357183
-61.2,0.05869416,0.00492243
-61.1,0.058205,0.004708617
-61.0,0.057742264,0.004500529
-60.9,0.057309106,0.0043042554
-60.8,0.05688885,0.004121431
-60.7,0.056489736,0.003958712
-60.6,0.056095988,0.0038109154
-60.5,0.05571457,0.0036759186
-60.4,0.055339076,0.0035430575
-60.3,0.0549773,0.003406197
-60.2,0.054621994,0.0032625704
-60.1,0.054273646,0.0031048579
-60.0,0.053937934,0.0029383413
-59.9,0.05361311,0.0027651163
-59.8,0.05329764,0.002603181
-59.7,0.05298135,0.0024637475
-59.6,0.0526702,0.002345578
-59.5,0.052373536,0.0022445542
-59.4,0.05209892,0.0021647117
-59.3,0.051844597,0.0021060046
-59.2,0.051617824,0.002068038
-59.1,0.051423617,0.0020534473
-59.0,0.051270477,0.0020638886
-58.9,0.051149797,0.0020919966
-58.8,0.05106294,0.0021240395
-58.7,0.050999153,0.0021481195
-58.6,0.050948627,0.0021515584
-58.5,0.05090994,0.0021488704
-58.4,0.050893392,0.002168179
-58.3,0.050925907,0.0022251748
-58.2,0.051005337,0.002309662
-58.1,0.05113093,0.0023995999
-58.0,0.051294327,0.0024808333
-57.9,0.05148189,0.0025413819
-57.8,0.051680636,0.002565826
-57.7,0.051872164,0.0025600125
-57.6,0.052053828,0.0025243382
-57.5,0.052207295,0.0024678253
-57.4,0.052326802,0.002404091
-57.3,0.052407067,0.0023357817
-57.2,0.05245298,0.0022694957
-57.1,0.0524696,0.002208764
-57.0,0.05246553,0.0021634458
-56.9,0.052446805,0.0021417488
-56.8,0.05241061,0.0021409343
-56.7,0.05235255,0.0021574558
-56.6,0.052275512,0.0021918905
-56.5,0.052182477,0.0022693411
-56.4,0.052075814,0.0024086111
-56.3,0.051960982,0.0026394082
-56.2,0.0518452,0.0029514157
-56.1,0.051723726,0.0031666816
-56.0,0.05159301,0.003230616
-55.9,0.051446687,0.0030749757
-55.8,0.05129523,0.0028047254
-55.7,0.05114232,0.0025001592
-55.6,0.051003687,0.002265591
-55.5,0.05088294,0.0021608055
-55.4,0.050784566,0.0021265934
-55.3,0.05069699,0.002108119
-55.2,0.05062523,0.002095904
-55.1,0.050564423,0.0020881633
-55.0,0.05051187,0.0020817139
-54.9,0.050460525,0.0020813204
-54.8,0.05041386,0.0020895747
-54.7,0.050371945,0.0020984362
-54.6,0.050336752,0.0021021215
-54.5,0.050304223,0.0020909493
-54.4,0.050278332,0.0020795711
-54.3,0.0502567,0.0020744847
-54.2,0.05024098,0.0020860608
-54.1,0.05023049,0.0021121986
-54.0,0.050224036,0.002141719
-53.9,0.05022206,0.002168175
-53.8,0.05022333,0.0021867384
-53.7,0.050231133,0.0022089318
-53.6,0.050242707,0.0022385437
-53.5,0.05026189,0.002288677
-53.4,0.050278317,0.0023420358
-53.3,0.050294213,0.0023870857
-53.2,0.050299164,0.002415785
-53.1,0.050297756,0.0024332502
-53.0,0.050292723,0.0024565498
-52.9,0.05027975,0.00248131
-52.8,0.05026115,0.0024973755
-52.7,0.050232776,0.0025013436
-52.6,0.0501955,0.002487775
-52.5,0.050150007,0.0024728826
-52.4,0.050092556,0.0024631456
-52.3,0.050029106,0.0024592516
-52.2,0.04996688,0.002468841
-52.1,0.049912747,0.002482471
-52.0,0.049871553,0.0025252714
-51.9,0.04983841,0.0025853075
-51.8,0.04981154,0.002661867
-51.7,0.049776673,0.0027174216
-51.6,0.049724564,0.0027460349
-51.5,0.049648732,0.0027503455
-51.4,0.049554165,0.0027666364
-51.3,0.04944627,0.0028224098
-51.2,0.049326893,0.0029200707
-51.1,0.049206298,0.0030363416
-51.0,0.04908091,0.0031316048
-50.9,0.048948985,0.0031682877
-50.8,0.048813283,0.0031490272
-50.7,0.04867328,0.0030944794
-50.6,0.04853583,0.0030415321
-50.5,0.048398253,0.0030094646
-50.4,0.04826733,0.0029997043
-50.3,0.048139296,0.0030100483
-50.2,0.048008382,0.003014823
-50.1,0.04787365,0.0030149638
-50.0,0.047732837,0.002994702
-49.9,0.047599323,0.0029748306
-49.8,0.04748685,0.0029538607
-49.7,0.047404483,0.00295386
-49.6,0.047350097,0.0029560167
-49.5,0.04731042,0.002962176
-49.4,0.0472732,0.0029346156
-49.3,0.047231838,0.002889594
-49.2,0.04718556,0.0028120526
-49.1,0.047148846,0.0027449063
-49.0,0.047141198,0.0026879087
-48.9,0.047176074,0.0026627788
-48.8,0.04726334,0.0026592228
-48.7,0.04739785,0.0026712182
-48.6,0.047575623,0.0026894663
-48.5,0.047781255,0.002714106
-48.4,0.048008848,0.002749603
-48.3,0.04825212,0.0028031915
-48.2,0.048511524,0.002868815
-48.1,0.048773363,0.0029460834
-48.0,0.049021192,0.003026577
-47.9,0.04923883,0.0031143879
-47.8,0.049420323,0.0032022863
-47.7,0.049566206,0.0032911827
-47.6,0.04967678,0.003374497
-47.5,0.049755175,0.0034558645
-47.4,0.049802035,0.0035315799
-47.3,0.049819715,0.0036072596
-47.2,0.049808722,0.0036783165
-47.1,0.049772795,0.0037518872
-47.0,0.049718473,0.003834697
-46.9,0.04964534,0.0039180648
-46.8,0.049558304,0.003984665
-46.7,0.049455322,0.004005317
-46.6,0.049338385,0.003982903
-46.5,0.04921137,0.003932735
-46.4,0.04907837,0.003865902
-46.3,0.04894605,0.0037989896
-46.2,0.048817486,0.0037347632
-46.1,0.048692662,0.0036961148
-46.0,0.048573736,0.0036864786
-45.9,0.048458114,0.0037064825
-45.8,0.04835317,0.0037526572
-45.7,0.048265085,0.0038320525
-45.6,0.04819855,0.0039734067
-45.5,0.04815713,0.0042364416
-45.4,0.048123308,0.004537283
-45.3,0.04808597,0.0048197457
-45.2,0.048016053,0.0048029344
-45.1,0.04792132,0.0045917598
-45.0,0.04783684,0.004289229
-44.9,0.047786634,0.004142925
-44.8,0.047778614,0.004100913
-44.7,0.047787037,0.0040598293
-44.6,0.047815256,0.0040438664
-44.5,0.04786145,0.004072704
-44.4,0.04792066,0.0041405503
-44.3,0.047973085,0.00420335
-44.2,0.04800655,0.0042245574
-44.1,0.04800385,0.004165575
-44.0,0.04797069,0.00405318
-43.9,0.047890842,0.003913288
-43.8,0.04777454,0.0038036208
-43.7,0.04761811,0.0037368604
-43.6,0.047442272,0.00372164
-43.5,0.04725876,0.00374846
-43.4,0.047090124,0.0038083268
-43.3,0.04694288,0.0038829818
-43.2,0.04682418,0.0039456133
-43.1,0.04671737,0.003989308
-43.0,0.04661715,0.004018971
-42.9,0.046513338,0.004049831
-42.8,0.046411287,0.004082726
-42.7,0.046321686,0.0040947716
-42.6,0.046246827,0.004078757
-42.5,0.046202052,0.0040292656
-42.4,0.046189047,0.0039682495
-42.3,0.0462188,0.0038991882
-42.2,0.046286136,0.0038273185
-42.1,0.046379343,0.0037517766
-42.0,0.046484448,0.0036718196
-41.9,0.04658863,0.0035918364
-41.8,0.046684913,0.0035019983
-41.7,0.0467651,0.0034062592
-41.6,0.04681903,0.0033045863
-41.5,0.04684946,0.0032062982
-41.4,0.04687096,0.0031113152
-41.3,0.046902258,0.003013425
-41.2,0.046956576,0.0029164026
-41.1,0.047033813,0.0028257086
-41.0,0.047137484,0.0027520831
-40.9,0.047264677,0.0026960524
-40.8,0.047410175,0.0026639237
-40.7,0.047557928,0.0026536789
-40.6,0.047695756,0.0026684715
-40.5,0.04781948,0.00269126
-40.4,0.047935575,0.002718718
-40.3,0.048051678,0.0027394015
-40.2,0.048172265,0.0027636637
-40.1,0.048307564,0.0027897973
-40.0,0.048459936,0.002825495
-39.9,0.048631243,0.0028679331
-39.8,0.048816472,0.0029166888
-39.7,0.049019344,0.0029683374
-39.6,0.049232483,0.003015516
-39.5,0.049454413,0.0030610687
-39.4,0.049681045,0.0031072113
-39.3,0.049924366,0.0031617447
-39.2,0.05018553,0.0032248115
-39.1,0.050465565,0.003297289
-39.0,0.050752666,0.0033755607
-38.9,0.051036738,0.0034633095
-38.8,0.0513022,0.0035633105
-38.7,0.051546656,0.003679758
-38.6,0.051772278,0.0038155846
-38.5,0.0519875,0.0039674635
-38.4,0.05219369,0.004146909
-38.3,0.052393455,0.004350664
-38.2,0.052590348,0.0045898384
-38.1,0.052794136,0.0048414404
-38.0,0.053004093,0.0050975694
-37.9,0.053216316,0.0053359237
-37.8,0.053420246,0.0055518146
-37.7,0.05361215,0.0057527297
-37.6,0.053784188,0.005935652
-37.5,0.053936604,0.0061054216
-37.4,0.054067343,0.006248007
-37.3,0.05418712,0.0063625304
-37.2,0.054296542,0.0064373035
-37.1,0.054400895,0.006471318
-37.0,0.05450033,0.0064615444
-36.9,0.05459407,0.0064136307
-36.8,0.05467504,0.006327636
-36.7,0.05473054,0.0062076095
-36.6,0.054759964,0.006059582
-36.5,0.05476181,0.005891116
-36.4,0.054736435,0.005710018
-36.3,0.054682996,0.005523311
-36.2,0.054608136,0.0053315
-36.1,0.054523204,0.0051406072
-36.0,0.05442744,0.004951392
-35.9,0.05431272,0.004765876
-35.8,0.054166634,0.0045861867
-35.7,0.05398925,0.0044167247
-35.6,0.05378921,0.0042726304
-35.5,0.053583857,0.004158597
-35.4,0.05338374,0.004078963
-35.3,0.0532033,0.004029916
-35.2,0.053046815,0.00401156
-35.1,0.052930057,0.0040156245
-35.0,0.052855503,0.0040394966
-34.9,0.052834388,0.0040829857
-34.8,0.052852094,0.004147341
-34.7,0.052891523,0.004224291
-34.6,0.052931193,0.004296766
-34.5,0.05297302,0.0043345788
-34.4,0.053026475,0.0043321475
-34.3,0.05309659,0.0042848587
-34.2,0.053172562,0.00420373
-34.1,0.05324754,0.004099644
-34.0,0.053309143,0.0039571896
-33.9,0.05336686,0.003791095
-33.8,0.053417925,0.0036062952
-33.7,0.05346611,0.0034545904
-33.6,0.053509295,0.003353654
-33.5,0.053551868,0.0032981043
-33.4,0.053600993,0.0032636407
-33.3,0.053660493,0.003229102
-33.2,0.053729936,0.0031844554
-33.1,0.05381256,0.0031308697
-33.0,0.05389554,0.0030755468
-32.9,0.0539713,0.0030257548
-32.8,0.054034498,0.00298293
-32.7,0.054091908,0.002943572
-32.6,0.054158922,0.002910264
-32.5,0.054251116,0.0028799868
-32.4,0.054378137,0.0028437069
-32.3,0.05453899,0.002796771
-32.2,0.054719564,0.0027471157
-32.1,0.05490397,0.0027188049
-32.0,0.055070892,0.0027171422
-31.9,0.055199772,0.002747035
-31.8,0.055281326,0.0028033922
-31.7,0.055309158,0.0028840608
-31.6,0.055299703,0.0029702028
-31.5,0.055286042,0.0030447044
-31.4,0.055318825,0.0031055994
-31.3,0.05545304,0.0031670893
-31.2,0.055731922,0.0032529626
-31.1,0.05617704,0.0033661255
-31.0,0.05677595,0.0035070828
-30.9,0.057488915,0.0036495856
-30.8,0.058267854,0.0037762895
-30.7,0.059057843,0.0038657035
-30.6,0.059806235,0.0039136573
-30.5,0.060477264,0.0039215395
-30.4,0.061041176,0.0039043084
-30.3,0.06148149,0.0038739638
-30.2,0.061783977,0.0038560678
-30.1,0.061951134,0.0038504635
-30.0,0.06198706,0.0038560266
-29.9,0.061898604,0.0038618653
-29.8,0.06170388,0.0038678884
-29.7,0.061433464,0.003869723
-29.6,0.061118133,0.003857782
-29.5,0.060786024,0.0038220072
-29.4,0.060448434,0.0037647963
-29.3,0.06012601,0.0036955343
-29.2,0.059836693,0.0036264968
-29.1,0.0595997,0.003561855
-29.0,0.059411746,0.0035108589
-28.9,0.05925051,0.0034728828
-28.8,0.059111282,0.0034490435
-28.7,0.058990777,0.003437186
-28.6,0.058893103,0.003439184
-28.5,0.058805116,0.0034572626
-28.4,0.05871627,0.0034934108
-28.3,0.05862771,0.0035427404
-28.2,0.058542293,0.0035995
-28.1,0.05847372,0.0036455607
-28.0,0.058425244,0.0036824832
-27.9,0.058410645,0.00371374
-27.8,0.05843132,0.003751765
-27.7,0.058486138,0.0037920654
-27.6,0.05856643,0.0038236682
-27.5,0.05866885,0.0038357496
-27.4,0.058782298,0.0038276454
-27.3,0.058905028,0.0038073044
-27.2,0.059047945,0.0038484687
-27.1,0.059217192,0.0039828997
-27.0,0.05938877,0.0040575764
-26.9,0.059537277,0.0039684833
-26.8,0.059669267,0.0037344089
-26.7,0.05981529,0.0035324404
-26.6,0.05998589,0.003444725
-26.5,0.06017412,0.0034261344
-26.4,0.060366467,0.003458436
-26.3,0.060569927,0.0035272685
-26.2,0.06078556,0.0036183686
-26.1,0.06101782,0.0037219885
-26.0,0.061258215,0.0038361829
-25.9,0.06150474,0.003967269
-25.8,0.061751373,0.004105687
-25.7,0.062,0.0042458535
-25.6,0.062257573,0.0043876376
-25.5,0.06254211,0.0045374837
-25.4,0.06286493,0.004690726
-25.3,0.06322142,0.0048064427
-25.2,0.063604556,0.00485227
-25.1,0.06400375,0.004829192
-25.0,0.064425446,0.0047646943
-24.9,0.064858146,0.004680848
-24.8,0.06529451,0.0045863185
-24.7,0.065717794,0.004489503
-24.6,0.06611574,0.0044034305
-24.5,0.06647404,0.004338922
-24.4,0.066795625,0.004294366
-24.3,0.06709362,0.0042689564
-24.2,0.06738956,0.004248435
-24.1,0.06768505,0.0042252466
-24.0,0.067976676,0.004195179
-23.9,0.06825071,0.0041569667
-23.8,0.06849347,0.004111117
-23.7,0.06869048,0.00404076
-23.6,0.06884762,0.0039421567
-23.5,0.068983674,0.0038228459
-23.4,0.06912739,0.0037003849
-23.3,0.06929882,0.0035971939
-23.2,0.06951157,0.0035368388
-23.1,0.06979022,0.0035599088
-23.0,0.07015673,0.003695306
-22.9,0.07063794,0.0039490624
-22.8,0.07122958,0.0043007615
-22.7,0.07190808,0.0047128787
-22.6,0.072635084,0.005136758
-22.5,0.07337277,0.0055239787
-22.4,0.07408755,0.005842304
-22.3,0.07474562,0.0060856976
-22.2,0.075325765,0.0062653595
-22.1,0.07582059,0.006394062
-22.0,0.07624605,0.006486627
-21.9,0.07661639,0.006554917
-21.8,0.076945774,0.006608895
-21.7,0.077244446,0.0066670473
-21.6,0.07752148,0.0067214877
-21.5,0.07778422,0.0067651123
-21.4,0.07802666,0.0067851925
-21.3,0.078250505,0.0067973677
-21.2,0.078458056,0.006821492
-21.1,0.078647174,0.006857894
-21.0,0.07881065,0.006910712
-20.9,0.07894266,0.006984576
-20.8,0.079046905,0.0070805377
-20.7,0.07913463,0.007190456
-20.6,0.07920573,0.007304143
-20.5,0.079267636,0.007413036
-20.4,0.07932582,0.007510425
-20.3,0.07938235,0.0075882855
-20.2,0.07943305,0.0076567433
-20.1,0.07946662,0.007718646
-20.0,0.07948332,0.0077808383
-19.9,0.079484984,0.007838317
-19.8,0.07948478,0.007890009
-19.7,0.07948288,0.007920662
-19.6,0.07948263,0.0079234345
-19.5,0.07946353,0.007889063
-19.4,0.07940712,0.007825503
-19.3,0.07927826,0.0077404976
-19.2,0.07906817,0.0076381923
-19.1,0.07877084,0.0075134467
-19.0,0.0783948,0.0073621264
-18.9,0.07793561,0.0071855728
-18.8,0.07740581,0.006993677
-18.7,0.076837614,0.006800125
-18.6,0.07627475,0.0066335173
-18.5,0.0757773,0.006631402
-18.4,0.075369924,0.007058826
-18.3,0.07503469,0.007843956
-18.2,0.0746568,0.008132265
-18.1,0.074171506,0.0076895948
-18.0,0.07358561,0.0067195734
-17.9,0.07297578,0.0060369833
-17.8,0.07236872,0.005821341
-17.7,0.0717596,0.005702272
-17.6,0.07114805,0.005595242
-17.5,0.07053788,0.0055049527
-17.4,0.06992811,0.0054442366
-17.3,0.06931106,0.0054162233
-17.2,0.06868801,0.0054094107
-17.1,0.06804562,0.00537795
-17.0,0.067381404,0.0052656895
-16.9,0.066702075,0.005050341
-16.8,0.066034965,0.004801702
-16.7,0.06540355,0.004603007
-16.6,0.06481977,0.004493566
-16.5,0.06428077,0.0044371304
-16.4,0.06377811,0.0044005774
-16.3,0.06329646,0.0043625096
-16.2,0.0628331,0.0043262783
-16.1,0.062386904,0.004299274
-16.0,0.061962646,0.004281426
-15.9,0.06155393,0.0042586126
-15.8,0.061158203,0.004224077
-15.7,0.060781136,0.0041813604
-15.6,0.060431693,0.004132639
-15.5,0.060117677,0.004081805
-15.4,0.05983716,0.0040257834
-15.3,0.05958807,0.003963918
-15.2,0.05937305,0.0038966995
-15.1,0.05919139,0.0038332376
-15.0,0.059045833,0.0037827594
-14.9,0.05893094,0.0037407365
-14.8,0.05884656,0.0037054229
-14.7,0.058781713,0.0036612032
-14.6,0.058732893,0.003626114
-14.5,0.058698926,0.0036079853
-14.4,0.058694422,0.0036163386
-14.3,0.058720298,0.0036268253
-14.2,0.058779698,0.003626516
-14.1,0.05886171,0.0036191172
-14.0,0.058964275,0.0036137893
-13.9,0.05907723,0.003613784
-13.8,0.059196617,0.003617876
-13.7,0.059310596,0.003627585
-13.6,0.059420675,0.0036460543
-13.5,0.05953835,0.0036752082
-13.4,0.059682857,0.0037043665
-13.3,0.059860572,0.0037271047
-13.2,0.060061526,0.0037487247
-13.1,0.06026318,0.0037756457
-13.0,0.06044421,0.0038003812
-12.9,0.060598116,0.0038366988
-12.8,0.060735155,0.0038872212
-12.7,0.060864177,0.0039618434
-12.6,0.060992133,0.004029189
-12.5,0.06112397,0.004071463
-12.4,0.06126159,0.004077888
-12.3,0.061399885,0.0040593287
-12.2,0.061525214,0.004027802
-12.1,0.06164224,0.00399249
-12.0,0.06176338,0.003958694
-11.9,0.061906137,0.003942469
-11.8,0.062078487,0.0039468743
-11.7,0.062274817,0.003965747
-11.6,0.062474757,0.003982896
-11.5,0.062649466,0.004000179
-11.4,0.062785506,0.004019033
-11.3,0.06288824,0.004037262
-11.2,0.06298057,0.0040466404
-11.1,0.06307557,0.0040512136
-11.0,0.06317384,0.0040672347
-10.9,0.0632584,0.004097474
-10.8,0.06331308,0.0041309088
-10.7,0.063333586,0.004153478
-10.6,0.06332362,0.0041597597
-10.5,0.06329621,0.004154644
-10.4,0.06326689,0.004140432
-10.3,0.063248836,0.0041317814
-10.2,0.06325127,0.004130232
-10.1,0.06327295,0.004125347
-10.0,0.06332328,0.00409234
-9.9,0.06340074,0.00402094
-9.8,0.06350254,0.003925727
-9.7,0.06361602,0.0038242994
-9.6,0.06373695,0.003729644
-9.5,0.06386284,0.00364121
-9.4,0.06399723,0.0035555188
-9.3,0.064141884,0.0034746279
-9.2,0.0643032,0.0033978063
-9.1,0.06448417,0.0033354554
-9.0,0.06468207,0.0032912837
-8.9,0.064882345,0.0032693564
-8.8,0.065075934,0.003261866
-8.7,0.06526342,0.0032524304
-8.6,0.06545439,0.0032365182
-8.5,0.06565046,0.003224752
-8.4,0.06585045,0.0032267007
-8.3,0.066043094,0.0032393476
-8.2,0.066217855,0.0032574446
-8.1,0.066366576,0.0032826166
-8.0,0.066496335,0.0033143233
-7.9,0.066613354,0.0033487948
-7.8,0.06672421,0.0033922563
-7.7,0.06683198,0.0034351242
-7.6,0.0669343,0.0034744916
-7.5,0.06703941,0.0035023435
-7.4,0.067147285,0.003538245
-7.3,0.06727136,0.003590803
-7.2,0.06740652,0.003660377
-7.1,0.067557216,0.0037394231
-7.0,0.067729905,0.0038249537
-6.9,0.06793601,0.003924854
-6.8,0.06818163,0.0040395646
-6.7,0.06845628,0.0041691577
-6.6,0.06874637,0.0043135276
-6.5,0.06903848,0.004488593
-6.4,0.06933239,0.004706345
-6.3,0.06963389,0.004959122
-6.2,0.06995716,0.0052237986
-6.1,0.07031239,0.0054808375
-6.0,0.07070527,0.0057220883
-5.9,0.071128055,0.005942114
-5.8,0.071569815,0.0061473
-5.7,0.0720273,0.0063464427
-5.6,0.07251127,0.006551284
-5.5,0.07303512,0.006749408
-5.4,0.07360565,0.0069341552
-5.3,0.07421987,0.007099722
-5.2,0.07488797,0.0072612176
-5.1,0.07562256,0.0074254856
-5.0,0.07642944,0.0075898613
-4.9,0.07728996,0.0077431086
-4.8,0.07818437,0.007881562
-4.7,0.07910756,0.008014102
-4.6,0.08004185,0.008130282
-4.5,0.08095909,0.008206886
-4.4,0.08183321,0.008236775
-4.3,0.08266942,0.008228412
-4.2,0.083479516,0.008193246
-4.1,0.08424673,0.008120327
-4.0,0.08494501,0.008008899
-3.9,0.085556604,0.007872753
-3.8,0.086079925,0.0077238926
-3.7,0.086521074,0.0075758286
-3.6,0.08688608,0.0074526845
-3.5,0.08719632,0.007368331
-3.4,0.08747184,0.00731915
-3.3,0.08771767,0.0072815185
-3.2,0.08792902,0.0072493916
-3.1,0.08810114,0.00722688
-3.0,0.08823569,0.007223164
-2.9,0.08834683,0.007232578
-2.8,0.08844449,0.007242333
-2.7,0.08854849,0.0072371527
-2.6,0.08866476,0.0072058556
-2.5,0.0888037,0.0071454537
-2.4,0.088987194,0.007057688
-2.3,0.08923443,0.006948635
-2.2,0.089554824,0.00682084
-2.1,0.08993223,0.0066686966
-2.0,0.09034972,0.006490871
-1.9,0.09079742,0.0062978985
-1.8,0.09126285,0.0061087073
-1.7,0.0917331,0.0059317756
-1.6,0.092189535,0.0057661543
-1.5,0.092629984,0.0056149648
-1.4,0.09305762,0.005477761
-1.3,0.09347353,0.005356431
-1.2,0.093877435,0.005246099
-1.1,0.094272785,0.0051658917
-1.0,0.09464689,0.0050771823
-0.9,0.09499443,0.004983572
-0.8,0.09531198,0.004873372
-0.7,0.09561702,0.004783097
-0.6,0.095906205,0.0047162296
-0.5,0.096182436,0.004665813
-0.4,0.096444294,0.004625436
-0.3,0.09669929,0.0045884303
-0.2,0.09693842,0.0045525017
-0.1,0.0971537,0.004523349
-0.0,0.097333096,0.004500544
0.1,0.097463995,0.0044825347
0.2,0.09754031,0.004466324
0.3,0.09756807,0.004453301
0.4,0.09756176,0.004442151
0.5,0.09753306,0.0044337404
0.6,0.097491495,0.00442726
0.7,0.09745379,0.0044333814
0.8,0.097438924,0.0044494504
0.9,0.09745534,0.00447377
1.0,0.09750724,0.004505424
1.1,0.09759314,0.004547196
1.2,0.097706996,0.004581616
1.3,0.09783101,0.00459592
1.4,0.09796204,0.004591136
1.5,0.098109916,0.004590217
1.6,0.09828003,0.0046019643
1.7,0.098458596,0.00462741
1.8,0.09863651,0.004662967
1.9,0.098823965,0.004708311
2.0,0.099033564,0.004750245
2.1,0.09925817,0.0047749504
2.2,0.09947916,0.004772781
2.3,0.09968841,0.0047611776
2.4,0.09988103,0.004740876
2.5,0.10005735,0.0047120405
2.6,0.10021548,0.004668428
2.7,0.100372665,0.004630175
2.8,0.10053676,0.0046022567
2.9,0.10070884,0.004589684
3.0,0.10087267,0.00459148
3.1,0.10102706,0.004616609
3.2,0.10117469,0.0046615223
3.3,0.10132183,0.004718742
3.4,0.10146188,0.0047890698
3.5,0.101575404,0.00488344
3.6,0.10164412,0.004999364
3.7,0.10166779,0.0051368074
3.8,0.10166441,0.005295014
3.9,0.101654075,0.005475324
4.0,0.101628855,0.005649843
4.1,0.10160013,0.0058078514
4.2,0.1015787,0.0059539126
4.3,0.10158405,0.006115987
4.4,0.10159426,0.006292891
4.5,0.10157639,0.0064742095
4.6,0.10150202,0.0066445637
4.7,0.10135669,0.0067920266
4.8,0.10113404,0.006913519
4.9,0.1008441,0.0070155403
5.0,0.100493155,0.0071111987
5.1,0.10009301,0.0072076996
5.2,0.09966436,0.0073141092
5.3,0.0992167,0.0074237282
5.4,0.0987648,0.007531015
5.5,0.09830467,0.007625789
5.6,0.097842626,0.007699163
5.7,0.09738109,0.0077587236
5.8,0.09691675,0.007813322
5.9,0.09645313,0.00789001
6.0,0.09597341,0.007990847
6.1,0.09545965,0.008111131
6.2,0.09489844,0.008235523
6.3,0.094300225,0.00835729
6.4,0.09368195,0.008476326
6.5,0.09305332,0.00859079
6.6,0.09241562,0.008670843
6.7,0.09177459,0.008677504
6.8,0.091132335,0.008591903
6.9,0.0904867,0.008432572
7.0,0.08983344,0.008236851
7.1,0.08918617,0.008028624
7.2,0.08856956,0.007835628
7.3,0.0879916,0.007666314
7.4,0.087439194,0.007528596
7.5,0.08689536,0.0074029397
7.6,0.08634849,0.00725823
7.7,0.08579627,0.0070800423
7.8,0.085224874,0.0068690507
7.9,0.08463207,0.0066451333
8.0,0.084007114,0.0064118784
8.1,0.0833519,0.006179118
8.2,0.08266468,0.005955796
8.3,0.08195792,0.0057539223
8.4,0.08122714,0.005569266
8.5,0.08047057,0.005385598
8.6,0.07969458,0.0051947865
8.7,0.07891795,0.0050187507
8.8,0.07815367,0.004870737
8.9,0.077395,0.0047461344
9.0,0.07664368,0.0046183113
9.1,0.07590939,0.004474571
9.2,0.07520873,0.0043275626
9.3,0.07454408,0.004197242
9.4,0.073906325,0.0040956666
9.5,0.073295414,0.0040157707
9.6,0.07271336,0.0039454782
9.7,0.072166085,0.00388487
9.8,0.07164618,0.0038351798
9.9,0.0711536,0.0037972992
10.0,0.07068841,0.003766712
10.1,0.07025065,0.0037399926
10.2,0.069832414,0.0037236302
10.3,0.069431305,0.0037151617
10.4,0.069052935,0.0037083786
10.5,0.06871386,0.0036853135
10.6,0.06842282,0.003652135
10.7,0.06817239,0.0036232495
10.8,0.067951076,0.0036175512
10.9,0.06774942,0.0036311029
11.0,0.06757209,0.0036633527
11.1,0.067418255,0.0037163629
11.2,0.067291245,0.0037889439
11.3,0.067194484,0.0038738204
11.4,0.06713301,0.0039688684
11.5,0.06710313,0.0040746755
11.6,0.06709389,0.0041881385
11.7,0.06709505,0.00430605
11.8,0.06710505,0.0044280775
11.9,0.06712468,0.0045604114
12.0,0.06714922,0.0046971017
12.1,0.06717178,0.004828759
12.2,0.06718833,0.0049458155
12.3,0.06720207,0.0050458414
12.4,0.0672111,0.0051379898
12.5,0.067217425,0.0052347938
12.6,0.067225,0.005353198
12.7,0.06722885,0.0054979254
12.8,0.067229524,0.005668806
12.9,0.06723035,0.005848008
13.0,0.067247294,0.0060233045
13.1,0.06729077,0.006184499
13.2,0.06735863,0.0063290703
13.3,0.06744638,0.0064555043
13.4,0.06754542,0.0065644975
13.5,0.067656614,0.006660883
13.6,0.06778422,0.006748891
13.7,0.0679314,0.0068356856
13.8,0.06810388,0.0069240346
13.9,0.068303995,0.0070236567
14.0,0.0685365,0.0071427296
14.1,0.06879312,0.007285567
14.2,0.06905591,0.007417731
14.3,0.06931522,0.007540804
14.4,0.06958286,0.007663295
14.5,0.06987989,0.00780756
14.6,0.07021671,0.007958471
14.7,0.07058657,0.00810542
14.8,0.07098265,0.008248768
14.9,0.07140694,0.008394539
15.0,0.0718678,0.008533805
15.1,0.072367005,0.008664632
15.2,0.0728852,0.0087746745
15.3,0.073414594,0.008867423
15.4,0.07396071,0.008947495
15.5,0.074541636,0.009019647
15.6,0.07514686,0.009077109
15.7,0.075761765,0.009114814
15.8,0.07637648,0.009137492
15.9,0.07698332,0.009166835
16.0,0.07757987,0.00920868
16.1,0.07816203,0.009259363
16.2,0.07874214,0.009302185
16.3,0.079325855,0.009335571
16.4,0.07991048,0.009356168
16.5,0.08048816,0.009366825
16.6,0.081046335,0.009362145
16.7,0.08158907,0.009336275
16.8,0.08211473,0.009279776
16.9,0.08262228,0.009180858
17.0,0.08309523,0.009041928
17.1,0.08351762,0.008880346
17.2,0.08388564,0.008719228
17.3,0.08421297,0.008573023
17.4,0.084515564,0.008436157
17.5,0.08479492,0.008296474
17.6,0.08503525,0.008147886
17.7,0.0852349,0.007973149
17.8,0.08539272,0.0077498453
17.9,0.0854989,0.0074607325
18.0,0.08555466,0.0071107284
18.1,0.085568205,0.0067274785
18.2,0.08556739,0.006354297
18.3,0.08556234,0.006035178
18.4,0.08554755,0.0058001173
18.5,0.08552694,0.0056447904
18.6,0.085516624,0.005545884
18.7,0.08554987,0.005483995
18.8,0.085641935,0.005447879
18.9,0.08579222,0.0054171993
19.0,0.08596587,0.00536472
19.1,0.08611048,0.0052783503
19.2,0.08616631,0.0051683565
19.3,0.08611441,0.005057947
19.4,0.085971,0.004947328
19.5,0.085776776,0.0048350743
19.6,0.08557778,0.004711724
19.7,0.08540201,0.0045770695
19.8,0.08525273,0.0044362857
19.9,0.085096985,0.0042975605
20.0,0.08489762,0.004172485
20.1,0.08461632,0.0040687677
20.2,0.08424739,0.003990769
20.3,0.08380322,0.00392953
20.4,0.0833121,0.0038617335
20.5,0.08281364,0.003777977
20.6,0.08234118,0.0036818418
20.7,0.08192507,0.0035978367
20.8,0.08156901,0.0035312197
20.9,0.08125721,0.0034801122
21.0,0.08095467,0.0034402933
21.1,0.080612384,0.0033980473
21.2,0.080189876,0.0033419144
21.3,0.079650365,0.0032728727
21.4,0.07895278,0.003221558
21.5,0.078043364,0.0032205125
21.6,0.07688606,0.0032737344
21.7,0.07550167,0.0033404715
21.8,0.07396713,0.0033764301
21.9,0.07241035,0.0033496118
22.0,0.07094382,0.0032635957
22.1,0.06964786,0.0031636723
22.2,0.06853879,0.0030696748
22.3,0.067598455,0.0030085656
22.4,0.06680927,0.002974339
22.5,0.066155165,0.0029642193
22.6,0.06563878,0.0029780732
22.7,0.06525063,0.0030159117
22.8,0.06498856,0.003076387
22.9,0.064836144,0.0031430586
23.0,0.064774714,0.0032029378
23.1,0.06477371,0.0032476878
23.2,0.06481516,0.0032773952
23.3,0.06488686,0.0032918868
23.4,0.06498466,0.0033010847
23.5,0.06509979,0.0033194874
23.6,0.065225355,0.0033660112
23.7,0.06535403,0.003439478
23.8,0.06548094,0.0035254739
23.9,0.06560129,0.0036049385
24.0,0.06571629,0.0036679828
24.1,0.06582468,0.0037100525
24.2,0.065930486,0.0037404958
24.3,0.06603169,0.0037641246
24.4,0.066127,0.0037856684
24.5,0.06620689,0.0037892996
24.6,0.06626915,0.0037732322
24.7,0.06631723,0.0037342748
24.8,0.06635695,0.003678734
24.9,0.06638489,0.0036114524
25.0,0.06639373,0.00353598
25.1,0.06638117,0.0034556128
25.2,0.06634348,0.0033706417
25.3,0.06628082,0.0032866383
25.4,0.066191286,0.0032103457
25.5,0.0660771,0.003138137
25.6,0.06594859,0.0030678122
25.7,0.06580671,0.0029983628
25.8,0.06566188,0.002939007
25.9,0.065519825,0.0028906995
26.0,0.065400295,0.0028569826
26.1,0.06532277,0.0028448938
26.2,0.06529586,0.0028759923
26.3,0.06532094,0.0029564775
26.4,0.065383986,0.0030678567
26.5,0.06547162,0.003184421
26.6,0.065572485,0.003280706
26.7,0.065673396,0.0033412518
26.8,0.06577223,0.0033566598
26.9,0.065856285,0.0033263562
27.0,0.06592599,0.003267968
27.1,0.0659811,0.0031983855
27.2,0.06603188,0.0031310874
27.3,0.06608383,0.003068003
27.4,0.06613687,0.0030006866
27.5,0.066178866,0.0029323555
27.6,0.066198416,0.0028707641
27.7,0.06618744,0.0028278532
27.8,0.06615886,0.002796905
27.9,0.06612981,0.0027726106
28.0,0.06611603,0.0027513944
28.1,0.066124044,0.002734287
28.2,0.066158675,0.002713682
28.3,0.06621991,0.0026887322
28.4,0.066295974,0.002665166
28.5,0.06638315,0.0026445838
28.6,0.066466615,0.0026293502
28.7,0.06654201,0.0026178274
28.8,0.06659149,0.0026234945
28.9,0.06661153,0.002652273
29.0,0.06660205,0.0027088523
29.1,0.06656687,0.0027855225
29.2,0.06650247,0.0028739974
29.3,0.066400945,0.002966472
29.4,0.06625364,0.0030557665
29.5,0.066065736,0.0031353072
29.6,0.06583408,0.003201533
29.7,0.06556702,0.0032506483
29.8,0.06526022,0.0032706747
29.9,0.06494032,0.0032664828
30.0,0.06462043,0.0032416256
30.1,0.064332284,0.0032105788
30.2,0.06407787,0.0031764659
30.3,0.06387041,0.003156532
30.4,0.063707344,0.0031555318
30.5,0.06358745,0.003186539
30.6,0.063494876,0.0032334432
30.7,0.06341329,0.0032982982
30.8,0.06332946,0.0033629101
30.9,0.06323683,0.0034162886
31.0,0.06313395,0.0034327493
31.1,0.06302243,0.003416391
31.2,0.06290719,0.0033841243
31.3,0.06279742,0.0033770876
31.4,0.062699445,0.0034117962
31.5,0.06262093,0.0035281898
31.6,0.062552184,0.0036618114
31.7,0.06248419,0.0037310726
31.8,0.06240974,0.0037369865
31.9,0.062335745,0.0037201028
32.0,0.06226739,0.003728186
32.1,0.062202282,0.0037433556
32.2,0.062135033,0.0037859075
32.3,0.062049612,0.003862804
32.4,0.061935436,0.0039451234
32.5,0.06177288,0.0039863964
32.6,0.061568502,0.003986361
32.7,0.061322562,0.003950906
32.8,0.06105082,0.0039023557
32.9,0.060755774,0.0038547528
33.0,0.060448192,0.0037985598
33.1,0.060133588,0.0037354871
33.2,0.0598212,0.003662407
33.3,0.059524637,0.0035857738
33.4,0.05925106,0.0035104188
33.5,0.05900963,0.0034427785
33.6,0.058809638,0.0033848477
33.7,0.058651645,0.0033395044
33.8,0.058539756,0.003317045
33.9,0.05845793,0.0033282621
34.0,0.058411956,0.0034008105
34.1,0.058391366,0.003517726
34.2,0.058391847,0.003665867
34.3,0.058389,0.003770346
34.4,0.058384262,0.003833937
34.5,0.058385123,0.0038470626
34.6,0.058417525,0.00385966
34.7,0.05848331,0.003869414
34.8,0.05857723,0.0038826433
34.9,0.05868708,0.0038917223
35.0,0.05880646,0.0038870233
35.1,0.05893316,0.0038766093
35.2,0.059069462,0.003864838
35.3,0.05920126,0.0038674872
35.4,0.05932339,0.0038897274
35.5,0.059417266,0.003943745
35.6,0.05948581,0.0040406305
35.7,0.05952132,0.00419033
35.8,0.059526592,0.004373226
35.9,0.05950523,0.0046041734
36.0,0.05945125,0.00485568
36.1,0.05936142,0.0051189936
36.2,0.05922169,0.005320427
36.3,0.059046756,0.0054811486
36.4,0.05885555,0.005604654
36.5,0.058674324,0.0057301945
36.6,0.058513574,0.0058433115
36.7,0.058375023,0.005939048
36.8,0.058250904,0.0060202004
36.9,0.0581273,0.006072426
37.0,0.057988174,0.006095051
37.1,0.057831343,0.006081373
37.2,0.05766174,0.0060352334
37.3,0.0574861,0.0059661865
37.4,0.057309482,0.00587116
37.5,0.057130873,0.0057570464
37.6,0.056948807,0.005617129
37.7,0.056758218,0.0054669217
37.8,0.056551978,0.0053072926
37.9,0.05632603,0.0051515666
38.0,0.05607365,0.0049980916
38.1,0.055790648,0.0048602414
38.2,0.05547692,0.00473965
38.3,0.05513211,0.0046292176
38.4,0.054761574,0.0045284694
38.5,0.05435733,0.0044115703
38.6,0.053913634,0.004285488
38.7,0.053414945,0.004133214
38.8,0.05285914,0.003974051
38.9,0.05225374,0.0038126127
39.0,0.05163141,0.0036563163
39.1,0.051011655,0.0035216808
39.2,0.050434284,0.003403036
39.3,0.04990233,0.003323529
39.4,0.049445726,0.0032847798
39.5,0.04904932,0.0033026724
39.6,0.04872683,0.0033707225
39.7,0.048465338,0.0034777585
39.8,0.048267722,0.0035980325
39.9,0.04812095,0.0037069716
40.0,0.048010282,0.0037820614
40.1,0.047923047,0.0038201401
40.2,0.04784284,0.0038249993
40.3,0.04776085,0.0038045032
40.4,0.04767132,0.003765379
40.5,0.04757629,0.0037088583
40.6,0.047480546,0.0036541529
40.7,0.0473887,0.0036051343
40.8,0.047302265,0.0035776973
40.9,0.047226325,0.0035589477
41.0,0.04715894,0.0035583784
41.1,0.047105346,0.0035652146
41.2,0.047062024,0.0035880294
41.3,0.047025636,0.003618257
41.4,0.04699761,0.0036537312
41.5,0.046979744,0.0036827784
41.6,0.046974562,0.00369813
41.7,0.046968862,0.0036919643
41.8,0.04695028,0.00366204
41.9,0.046904027,0.0036086964
42.0,0.04682524,0.0035445662
42.1,0.046709683,0.0034805592
42.2,0.046564758,0.0034204845
42.3,0.046397038,0.0033621355
42.4,0.0462174,0.0033037052
42.5,0.0460335,0.0032523242
42.6,0.04583803,0.0032103818
42.7,0.04563464,0.0031789811
42.8,0.0454109,0.0031448484
42.9,0.04517512,0.0031045342
43.0,0.04491931,0.0030518614
43.1,0.044651434,0.002991086
43.2,0.04438312,0.0029244586
43.3,0.044128414,0.0028570276
43.4,0.043900516,0.0027996404
43.5,0.043699678,0.0027569605
43.6,0.04353553,0.0027329647
43.7,0.043407843,0.0027321514
43.8,0.043325488,0.0027520566
43.9,0.043281738,0.0027988325
44.0,0.04327981,0.0028638707
44.1,0.043312233,0.002963343
44.2,0.043370508,0.0030961013
44.3,0.043445382,0.0032480308
44.4,0.043528125,0.0034009446
44.5,0.04361322,0.0035187062
44.6,0.0436944,0.0036204525
44.7,0.0437694,0.0037103894
44.8,0.043837063,0.0038115776
44.9,0.04390194,0.003907629
45.0,0.0439629,0.003986895
45.1,0.044016756,0.0040250053
45.2,0.04406435,0.004032262
45.3,0.044110794,0.0040141502
45.4,0.044165898,0.0039985045
45.5,0.044231065,0.0039828676
45.6,0.0442982,0.0039724004
45.7,0.044362545,0.003961352
45.8,0.044410646,0.0039436794
45.9,0.04444375,0.003915762
46.0,0.044458814,0.0038834824
46.1,0.044464726,0.0038549933
46.2,0.04446666,0.003842048
46.3,0.044469483,0.0038390593
46.4,0.044475134,0.0038376336
46.5,0.044480063,0.003824668
46.6,0.044487957,0.0037949572
46.7,0.04450084,0.0037561788
46.8,0.044528633,0.0037067882
46.9,0.04457771,0.003658993
47.0,0.044649728,0.0036062258
47.1,0.044748943,0.0035539125
47.2,0.044871103,0.003493582
47.3,0.045018304,0.003434027
47.4,0.04517919,0.003374148
47.5,0.045351386,0.0033210483
47.6,0.045526054,0.0032768436
47.7,0.04569837,0.0032452757
47.8,0.045864526,0.003232397
47.9,0.046023913,0.0032331645
48.0,0.046172913,0.0032404931
48.1,0.04630811,0.0032498988
48.2,0.046421517,0.0032578618
48.3,0.046514016,0.0032691893
48.4,0.04658464,0.0032807915
48.5,0.046637956,0.0032939985
48.6,0.04668283,0.0033029264
48.7,0.04672775,0.0033058375
48.8,0.046784773,0.0033012126
48.9,0.04685383,0.0032961625
49.0,0.046937253,0.0032899303
49.1,0.04703451,0.0032931366
49.2,0.04714598,0.003299693
49.3,0.047264334,0.0033048952
49.4,0.04739074,0.003308834
49.5,0.04751725,0.0032948924
49.6,0.047646984,0.0032690326
49.7,0.047777645,0.0032050002
49.8,0.047914468,0.00311706
49.9,0.04806235,0.0030096767
50.0,0.048220575,0.0029084464
50.1,0.048393473,0.002830889
50.2,0.048594706,0.0027801346
50.3,0.048821885,0.002758285
50.4,0.049080566,0.0027519907
50.5,0.04935264,0.0027570531
50.6,0.049638897,0.002765665
50.7,0.049937468,0.0027745895
50.8,0.05025059,0.0027885723
50.9,0.050573137,0.0028050516
51.0,0.050911058,0.0028657059
51.1,0.051269114,0.0031045668
51.2,0.05164907,0.0036011685
51.3,0.052033413,0.004192875
51.4,0.052412417,0.0047911243
51.5,0.05276306,0.0050784424
51.6,0.053067606,0.0049365303
51.7,0.053314436,0.0043996177
51.8,0.05354532,0.0038460603
51.9,0.053782888,0.0035998072
52.0,0.05404219,0.0036043557
52.1,0.054308023,0.0036567643
52.2,0.054577377,0.003732415
52.3,0.054851655,0.0038114153
52.4,0.055118356,0.0038768202
52.5,0.055386644,0.0039330623
52.6,0.055646192,0.0039767493
52.7,0.055903364,0.004013483
52.8,0.056156043,0.0040450576
52.9,0.056412816,0.004077507
53.0,0.05667499,0.0041165943
53.1,0.05693611,0.004167896
53.2,0.057202782,0.0042331605
53.3,0.057467233,0.0043061706
53.4,0.057736784,0.0043738517
53.5,0.057995606,0.004418669
53.6,0.058249183,0.00443255
53.7,0.058490973,0.0044122683
53.8,0.0587196,0.004361531
53.9,0.058934852,0.0042832517
54.0,0.059134487,0.004182553
54.1,0.05933235,0.004072063
54.2,0.059532095,0.0039610565
54.3,0.059743498,0.0038547947
54.4,0.05996378,0.0037554305
54.5,0.060204465,0.0036630253
54.6,0.06046492,0.0035844925
54.7,0.060748126,0.0035183362
54.8,0.061040793,0.0034634187
54.9,0.061346445,0.0034248282
55.0,0.061649986,0.0034017726
55.1,0.061952017,0.0034009654
55.2,0.06224263,0.0034209415
55.3,0.06252534,0.0034665936
55.4,0.06278522,0.0035333214
55.5,0.063021,0.0036208902
55.6,0.06323854,0.0037157054
55.7,0.063450634,0.0038150146
55.8,0.06365839,0.0039193984
55.9,0.06386615,0.0040312167
56.0,0.06407881,0.0041496702
56.1,0.06429745,0.004272413
56.2,0.064515494,0.004391607
56.3,0.06473992,0.004506574
56.4,0.06497048,0.004613721
56.5,0.0652158,0.004718707
56.6,0.06546884,0.0048259543
56.7,0.06573642,0.004931991
56.8,0.06601903,0.005040919
56.9,0.06632356,0.0051468736
57.0,0.0666354,0.005255893
57.1,0.066951945,0.005370756
57.2,0.06725434,0.0054942104
57.3,0.06755719,0.005607955
57.4,0.06785493,0.005706214
57.5,0.068160534,0.0057845153
57.6,0.06846705,0.0058564157
57.7,0.068776704,0.0059217894
57.8,0.06907882,0.0059775705
57.9,0.069381095,0.006024372
58.0,0.06968573,0.00607173
58.1,0.0699977,0.0061168657
58.2,0.07030604,0.0061649755
58.3,0.07061168,0.0062094163
58.4,0.070918866,0.006260393
58.5,0.071230166,0.0063154697
58.6,0.071536206,0.006365451
58.7,0.07183573,0.006406547
58.8,0.07213591,0.006434037
58.9,0.07243397,0.0064519444
59.0,0.07273722,0.0064595537
59.1,0.07303732,0.0064641493
59.2,0.07333772,0.006465621
59.3,0.073625535,0.0064727007
59.4,0.0739056,0.006485084
59.5,0.07417896,0.0065072947
59.6,0.07445379,0.0065333485
59.7,0.07472794,0.006563393
59.8,0.07501174,0.0065969513
59.9,0.07531442,0.006633079
60.0,0.07563872,0.006675531
60.1,0.07598777,0.0067238035
60.2,0.07635691,0.0067793867
60.3,0.07675254,0.0068354853
60.4,0.07716476,0.0068912394
60.5,0.07760214,0.0069496455
60.6,0.078062154,0.0070154364
60.7,0.07854085,0.0070921835
60.8,0.079038374,0.007188605
60.9,0.079541415,0.0073117157
61.0,0.080059215,0.00746022
61.1,0.08056276,0.0075720837
61.2,0.08105364,0.0075892326
61.3,0.081534766,0.0075189583
61.4,0.0820196,0.00742906
61.5,0.082534015,0.0073800697
61.6,0.08307529,0.007365003
61.7,0.08364961,0.007368004
61.8,0.08423957,0.0073820497
61.9,0.084848404,0.0074035977
62.0,0.08548185,0.0074322335
62.1,0.08613021,0.0074703265
62.2,0.08680088,0.0075131506
62.3,0.08748881,0.0075635687
62.4,0.08820648,0.007614755
62.5,0.08894264,0.0076741898
62.6,0.08969706,0.007738887
62.7,0.09047354,0.0078071477
62.8,0.09127063,0.007889758
62.9,0.09208907,0.0079838345
63.0,0.092925265,0.00808845
63.1,0.093780465,0.008194315
63.2,0.094655275,0.00830209
63.3,0.09553817,0.008417875
63.4,0.0964334,0.008534227
63.5,0.097342335,0.008658005
63.6,0.0982689,0.00878686
63.7,0.09921084,0.008922972
63.8,0.100159466,0.009060046
63.9,0.10112379,0.0091898935
64.0,0.102101736,0.009315136
64.1,0.10310114,0.009426987
64.2,0.10412627,0.0095163975
64.3,0.10517212,0.0095826015
64.4,0.10623593,0.009631376
64.5,0.10732297,0.009662213
64.6,0.108429275,0.009676256
64.7,0.10955498,0.009664281
64.8,0.11068193,0.009648998
64.9,0.11183011,0.009609022
65.0,0.113001116,0.009541911
65.1,0.11418988,0.009439764
65.2,0.11539026,0.009324589
65.3,0.11659477,0.009189434
65.4,0.117803015,0.009027449
65.5,0.11901129,0.008836225
65.6,0.12021777,0.008642892
65.7,0.12142211,0.008450495
65.8,0.12261589,0.008265617
65.9,0.12379031,0.008090384
66.0,0.12495799,0.00792399
66.1,0.1261205,0.0077741705
66.2,0.1272649,0.007643981
66.3,0.12838963,0.0075379955
66.4,0.12949522,0.0074523664
66.5,0.13060011,0.0073673213
66.6,0.13169004,0.0073002195
66.7,0.13275151,0.007262339
66.8,0.13378792,0.007246888
66.9,0.13481505,0.007241397
67.0,0.13583387,0.007246377
67.1,0.13683945,0.0072639165
67.2,0.13782169,0.007288506
67.3,0.1387817,0.0073048235
67.4,0.13973789,0.007318767
67.5,0.14068834,0.0073381127
67.6,0.14163032,0.007364571
67.7,0.1425631,0.0073959623
67.8,0.14349046,0.007431615
67.9,0.14442638,0.0074605425
68.0,0.14537069,0.0074943933
68.1,0.14631777,0.007534939
68.2,0.14726682,0.0075722
68.3,0.14821659,0.0076087215
68.4,0.14916866,0.007647025
68.5,0.1501271,0.007686932
68.6,0.15108618,0.0077251866
68.7,0.15204355,0.007754942
68.8,0.15300687,0.0077802264
68.9,0.15398246,0.0078066806
69.0,0.1549667,0.007829425
69.1,0.15596345,0.0078446325
69.2,0.1569721,0.007856131
69.3,0.15799573,0.007864056
69.4,0.15903237,0.00787767
69.5,0.16007838,0.00789681
69.6,0.16112955,0.00791431
69.7,0.16218598,0.007932656
69.8,0.16325198,0.007953317
69.9,0.1643311,0.007972273
70.0,0.16542953,0.007985522
70.1,0.1665534,0.007997001
70.2,0.16770206,0.007999569
70.3,0.16886926,0.008004262
70.4,0.17004722,0.008012763
70.5,0.17124096,0.008021114
70.6,0.17244859,0.008026129
70.7,0.17367302,0.008032709
70.8,0.1749153,0.008037558
70.9,0.1761746,0.008047997
71.0,0.17745171,0.0080664195
71.1,0.17874557,0.0080785435
71.2,0.18004946,0.008089291
71.3,0.18136789,0.008104243
71.4,0.18271017,0.008127593
71.5,0.1840717,0.008157781
71.6,0.1854504,0.008197559
71.7,0.18685628,0.008229697
71.8,0.18826969,0.008267366
71.9,0.18970285,0.008307381
72.0,0.19115302,0.008357027
72.1,0.19261993,0.008397453
72.2,0.1941042,0.008441461
72.3,0.19559956,0.008494227
72.4,0.19711447,0.008537327
72.5,0.19864756,0.008585211
72.6,0.20020616,0.008632748
72.7,0.2017978,0.008672327
72.8,0.20341147,0.008715194
72.9,0.20504221,0.008769108
73.0,0.20661746,0.008708933
73.1,0.2080937,0.008526912
73.2,0.20947167,0.008216158
73.3,0.21084493,0.007861221
73.4,0.21222946,0.007506734
73.5,0.21364225,0.0071781124
73.6,0.21508597,0.006907231
73.7,0.21655849,0.0066542584
73.8,0.21804632,0.0064398763
73.9,0.21954058,0.006235969
74.0,0.22105923,0.0060306448
74.1,0.2225895,0.0058443067
74.2,0.22410862,0.0056573385
74.3,0.2256057,0.005449586
74.4,0.22706304,0.0052138865
74.5,0.22851017,0.0049702064
74.6,0.22992507,0.004694836
74.7,0.2313241,0.0043498664
74.8,0.23272425,0.0040440457
74.9,0.23419183,0.0038502729
75.0,0.23576035,0.0036983013
75.1,0.23716113,0.0035579735
75.2,0.23837629,0.0033903096
75.3,0.23967522,0.0035461653
75.4,nan,nan
75.5,nan,nan
75.6,nan,nan
75.7,nan,nan
75.8,nan,nan
75.9,nan,nan
76.0,nan,nan
76.1,nan,nan
76.2,nan,nan
76.3,nan,nan
76.4,nan,nan
76.5,nan,nan
76.6,nan,nan
76.7,nan,nan
76.8,nan,nan
76.9,nan,nan
77.0,nan,nan
77.1,nan,nan
77.2,nan,nan
77.3,nan,nan
77.4,nan,nan
77.5,nan,nan
77.6,nan,nan
77.7,nan,nan
77.8,nan,nan
77.9,nan,nan
78.0,nan,nan
78.1,nan,nan
78.2,nan,nan
78.3,nan,nan
78.4,nan,nan
78.5,nan,nan
78.6,nan,nan
78.7,nan,nan
78.8,nan,nan
78.9,nan,nan
79.0,nan,nan
79.1,nan,nan
79.2,nan,nan
79.3,nan,nan
79.4,nan,nan
79.5,nan,nan
79.6,nan,nan
79.7,nan,nan
79.8,nan,nan
79.9,nan,nan
80.0,nan,nan
80.1,nan,nan
80.2,nan,nan
80.3,nan,nan
80.4,nan,nan
80.5,nan,nan
80.6,nan,nan
80.7,nan,nan
80.8,nan,nan
80.9,nan,nan
81.0,nan,nan
81.1,nan,nan
81.2,nan,nan
81.3,nan,nan
81.4,nan,nan
81.5,nan,nan
81.6,nan,nan
81.7,nan,nan
81.8,nan,nan
81.9,nan,nan
82.0,nan,nan
82.1,nan,nan
82.2,nan,nan
82.3,nan,nan
82.4,nan,nan
82.5,nan,nan
82.6,nan,nan
82.7,nan,nan
82.8,nan,nan
82.9,nan,nan
83.0,nan,nan
83.1,nan,nan
83.2,nan,nan
83.3,nan,nan
83.4,nan,nan
83.5,nan,nan
83.6,nan,nan
83.7,nan,nan
83.8,nan,nan
83.9,nan,nan
84.0,nan,nan
84.1,nan,nan
84.2,nan,nan
84.3,nan,nan
84.4,nan,nan
84.5,nan,nan
84.6,nan,nan
84.7,nan,nan
84.8,nan,nan
84.9,nan,nan
85.0,nan,nan
85.1,nan,nan
85.2,nan,nan
85.3,nan,nan
85.4,nan,nan
85.5,nan,nan
85.6,nan,nan
85.7,nan,nan
85.8,nan,nan
85.9,nan,nan
86.0,nan,nan
86.1,nan,nan
86.2,nan,nan
86.3,nan,nan
86.4,nan,nan
86.5,nan,nan
86.6,nan,nan
86.7,nan,nan
86.8,nan,nan
86.9,nan,nan
87.0,nan,nan
87.1,nan,nan
87.2,nan,nan
87.3,nan,nan
87.4,nan,nan
87.5,nan,nan
87.6,nan,nan
87.7,nan,nan
87.8,nan,nan
87.9,nan,nan
88.0,nan,nan
88.1,nan,nan
88.2,nan,nan
88.3,nan,nan
88.4,nan,nan
88.5,nan,nan
88.6,nan,nan
88.7,nan,nan
88.8,nan,nan
88.9,nan,nan
89.0,nan,nan
89.1,nan,nan
89.2,nan,nan
89.3,nan,nan
89.4,nan,nan
89.5,nan,nan
89.6,nan,nan
89.7,nan,nan
89.8,nan,nan
89.9,nan,nan
90.0,nan,nan
