PC_Latitude,I/F,Error
-90.0,nan,nan
-89.9,nan,nan
-89.8,nan,nan
-89.7,nan,nan
-89.6,nan,nan
-89.5,nan,nan
-89.4,nan,nan
-89.3,nan,nan
-89.2,nan,nan
-89.1,nan,nan
-89.0,nan,nan
-88.9,nan,nan
-88.8,nan,nan
-88.7,nan,nan
-88.6,nan,nan
-88.5,nan,nan
-88.4,nan,nan
-88.3,nan,nan
-88.2,nan,nan
-88.1,nan,nan
-88.0,nan,nan
-87.9,nan,nan
-87.8,nan,nan
-87.7,nan,nan
-87.6,nan,nan
-87.5,nan,nan
-87.4,nan,nan
-87.3,nan,nan
-87.2,nan,nan
-87.1,nan,nan
-87.0,nan,nan
-86.9,nan,nan
-86.8,nan,nan
-86.7,nan,nan
-86.6,nan,nan
-86.5,nan,nan
-86.4,nan,nan
-86.3,nan,nan
-86.2,nan,nan
-86.1,nan,nan
-86.0,nan,nan
-85.9,nan,nan
-85.8,nan,nan
-85.7,nan,nan
-85.6,nan,nan
-85.5,nan,nan
-85.4,nan,nan
-85.3,nan,nan
-85.2,nan,nan
-85.1,nan,nan
-85.0,nan,nan
-84.9,nan,nan
-84.8,nan,nan
-84.7,nan,nan
-84.6,nan,nan
-84.5,nan,nan
-84.4,nan,nan
-84.3,nan,nan
-84.2,nan,nan
-84.1,nan,nan
-84.0,nan,nan
-83.9,nan,nan
-83.8,nan,nan
-83.7,nan,nan
-83.6,nan,nan
-83.5,nan,nan
-83.4,nan,nan
-83.3,nan,nan
-83.2,nan,nan
-83.1,nan,nan
-83.0,nan,nan
-82.9,nan,nan
-82.8,nan,nan
-82.7,nan,nan
-82.6,nan,nan
-82.5,nan,nan
-82.4,nan,nan
-82.3,nan,nan
-82.2,nan,nan
-82.1,nan,nan
-82.0,nan,nan
-81.9,nan,nan
-81.8,nan,nan
-81.7,nan,nan
-81.6,nan,nan
-81.5,nan,nan
-81.4,nan,nan
-81.3,0.34027785,0.00090044364
-81.2,0.3388433,0.0013499549
-81.1,0.33743256,0.0019578577
-81.0,0.3356385,0.0024000295
-80.9,0.33355576,0.0026826747
-80.8,0.33146328,0.0028438366
-80.7,0.3293096,0.0031357976
-80.6,0.32707295,0.0034565127
-80.5,0.32474637,0.0036196397
-80.4,0.32246813,0.003992564
-80.3,0.32026953,0.004540618
-80.2,0.31812873,0.0051930943
-80.1,0.31608778,0.0057993503
-80.0,0.3140776,0.0063423254
-79.9,0.3119992,0.006699526
-79.8,0.3098519,0.0068240142
-79.7,0.30763468,0.0067905877
-79.6,0.30544955,0.0067782677
-79.5,0.30330732,0.006749617
-79.4,0.30124462,0.0067109168
-79.3,0.29927883,0.006687013
-79.2,0.297377,0.006683525
-79.1,0.29555959,0.006694401
-79.0,0.29377165,0.0067182183
-78.9,0.2920059,0.0067515504
-78.8,0.29026997,0.0067685135
-78.7,0.28853902,0.006812773
-78.6,0.28681964,0.0068734293
-78.5,0.28512293,0.0069170217
-78.4,0.28345075,0.0069763386
-78.3,0.28179327,0.0070637446
-78.2,0.28012806,0.007164758
-78.1,0.2784824,0.007290386
-78.0,0.27684426,0.007434536
-77.9,0.27521574,0.0075845895
-77.8,0.27361107,0.0077279634
-77.7,0.2720099,0.00788959
-77.6,0.2704163,0.008058098
-77.5,0.26883987,0.00821637
-77.4,0.26728764,0.0083943745
-77.3,0.26574755,0.008574447
-77.2,0.2642256,0.008744379
-77.1,0.2627183,0.008917687
-77.0,0.26123,0.009092409
-76.9,0.25976434,0.009257203
-76.8,0.25830945,0.009429953
-76.7,0.2568485,0.009589146
-76.6,0.25538468,0.009707958
-76.5,0.2539215,0.00980529
-76.4,0.25247383,0.0098987715
-76.3,0.25102034,0.009983999
-76.2,0.2495401,0.010035288
-76.1,0.24802846,0.010035992
-76.0,0.2465093,0.009984019
-75.9,0.24499728,0.00992943
-75.8,0.24347329,0.009856969
-75.7,0.24193326,0.009737808
-75.6,0.24038905,0.009591145
-75.5,0.23885776,0.009437703
-75.4,0.23732762,0.009290924
-75.3,0.23578788,0.009166839
-75.2,0.23423892,0.009058303
-75.1,0.23269646,0.008958673
-75.0,0.23116516,0.008874826
-74.9,0.22963484,0.00880934
-74.8,0.22810492,0.008740164
-74.7,0.22657782,0.008672711
-74.6,0.22506762,0.00860139
-74.5,0.2235638,0.008517933
-74.4,0.22207594,0.00843877
-74.3,0.22060236,0.008352371
-74.2,0.21914847,0.008271019
-74.1,0.21770649,0.008194487
-74.0,0.21629043,0.008137161
-73.9,0.21489222,0.008086257
-73.8,0.21352293,0.008063501
-73.7,0.21216099,0.008050243
-73.6,0.21080373,0.008040445
-73.5,0.20944996,0.008023964
-73.4,0.20811392,0.007993828
-73.3,0.20677818,0.007969315
-73.2,0.20544054,0.007950421
-73.1,0.20409311,0.007921256
-73.0,0.20272885,0.007897766
-72.9,0.20136376,0.00788621
-72.8,0.19999547,0.007878783
-72.7,0.19862476,0.007884478
-72.6,0.19726217,0.007899661
-72.5,0.19589931,0.007910768
-72.4,0.1945359,0.00790794
-72.3,0.19317594,0.007879225
-72.2,0.19182518,0.007838941
-72.1,0.19048403,0.0077778962
-72.0,0.18914787,0.007676852
-71.9,0.1878004,0.00756123
-71.8,0.18647443,0.007437939
-71.7,0.18517268,0.0073067346
-71.6,0.18389466,0.0071933884
-71.5,0.18262714,0.007091953
-71.4,0.1813827,0.007004846
-71.3,0.18018246,0.0069279424
-71.2,0.17903195,0.0068563754
-71.1,0.17790297,0.0068116193
-71.0,0.17680097,0.0067619686
-70.9,0.17573503,0.0067123966
-70.8,0.17469609,0.006677787
-70.7,0.1736877,0.0066454574
-70.6,0.17270544,0.0066099046
-70.5,0.17176412,0.006573346
-70.4,0.17086084,0.006532523
-70.3,0.16998796,0.0064998926
-70.2,0.16916862,0.0064686565
-70.1,0.16839384,0.0064480333
-70.0,0.16765726,0.0064357785
-69.9,0.16696893,0.0064091026
-69.8,0.16631238,0.0063916896
-69.7,0.16568907,0.0063779294
-69.6,0.16508077,0.0063479794
-69.5,0.16447906,0.006291289
-69.4,0.16388506,0.006200803
-69.3,0.16326492,0.006111569
-69.2,0.16261765,0.0060095806
-69.1,0.16194136,0.005892736
-69.0,0.16122448,0.005771218
-68.9,0.16047348,0.0056461217
-68.8,0.15966992,0.0055234497
-68.7,0.1588382,0.0053857104
-68.6,0.15797855,0.0052382904
-68.5,0.15710044,0.005081397
-68.4,0.15621501,0.0049009006
-68.3,0.15531026,0.004729788
-68.2,0.15438442,0.004564755
-68.1,0.15343182,0.004412592
-68.0,0.15245031,0.0042798975
-67.9,0.15144746,0.004160557
-67.8,0.1504092,0.0040675565
-67.7,0.14934307,0.0039972854
-67.6,0.148229,0.0039662365
-67.5,0.1470744,0.003960844
-67.4,0.14587803,0.0039903293
-67.3,0.144642,0.0040568165
-67.2,0.14338085,0.0041270354
-67.1,0.14209256,0.004218658
-67.0,0.14078878,0.004321617
-66.9,0.13946414,0.0044346857
-66.8,0.1381404,0.004551287
-66.7,0.13684067,0.0046773385
-66.6,0.13555293,0.0048334845
-66.5,0.134291,0.005003022
-66.4,0.13304448,0.0051839706
-66.3,0.13182916,0.0053610527
-66.2,0.1306166,0.005543476
-66.1,0.12941904,0.0057097385
-66.0,0.12822703,0.0058608595
-65.9,0.1270269,0.0060064723
-65.8,0.1258027,0.0061482135
-65.7,0.12453531,0.006297835
-65.6,0.123217106,0.0064672725
-65.5,0.12181993,0.0066804006
-65.4,0.120349586,0.006926483
-65.3,0.11878465,0.007247603
-65.2,0.11713778,0.007615197
-65.1,0.11540458,0.008015564
-65.0,0.11360819,0.008441133
-64.9,0.11176331,0.008859279
-64.8,0.10987736,0.009258877
-64.7,0.1079724,0.009603641
-64.6,0.10604812,0.009889859
-64.5,0.10413069,0.010100332
-64.4,0.10222233,0.010244287
-64.3,0.10033525,0.010324213
-64.2,0.09845959,0.010327071
-64.1,0.096604995,0.010262182
-64.0,0.094769,0.010130162
-63.9,0.092958525,0.00992242
-63.8,0.09117163,0.009670415
-63.7,0.08942569,0.009361004
-63.6,0.08772362,0.0090338215
-63.5,0.08607775,0.008704922
-63.4,0.08451771,0.008365389
-63.3,0.083047524,0.008034274
-63.2,0.08169365,0.007703527
-63.1,0.08042321,0.007391104
-63.0,0.079224624,0.0070976517
-62.9,0.07809502,0.0068219537
-62.8,0.0770252,0.006553669
-62.7,0.07601381,0.0063023
-62.6,0.07503699,0.006061324
-62.5,0.07408439,0.0058236807
-62.4,0.07313767,0.0055814367
-62.3,0.072187044,0.005339039
-62.2,0.07122709,0.005086634
-62.1,0.07026082,0.0048340177
-62.0,0.06929718,0.0045906096
-61.9,0.068325534,0.004367481
-61.8,0.06736834,0.004194657
-61.7,0.06641372,0.0040751197
-61.6,0.065481625,0.0040210965
-61.5,0.064563766,0.0040282067
-61.4,0.063681774,0.0040765135
-61.3,0.0628371,0.0041503455
-61.2,0.06203604,0.004237803
-61.1,0.061290205,0.0043217507
-61.0,0.060600072,0.004410496
-60.9,0.05996959,0.0044853683
-60.8,0.059393283,0.004551464
-60.7,0.058871172,0.0046015163
-60.6,0.0584188,0.004642944
-60.5,0.05802636,0.004669774
-60.4,0.057703312,0.004701525
-60.3,0.05741596,0.0047493754
-60.2,0.057150062,0.0048249853
-60.1,0.05686407,0.0049046353
-60.0,0.05654396,0.0049769958
-59.9,0.05618743,0.005046342
-59.8,0.055808824,0.0050987257
-59.7,0.055421863,0.00513342
-59.6,0.055014588,0.005127721
-59.5,0.05458944,0.005081825
-59.4,0.054136153,0.0049815895
-59.3,0.053669766,0.004832916
-59.2,0.05317922,0.0046256296
-59.1,0.052692417,0.0043791835
-59.0,0.052200038,0.0040823435
-58.9,0.05172942,0.0037685519
-58.8,0.051273726,0.0034404527
-58.7,0.05085801,0.003115022
-58.6,0.050487086,0.0028073622
-58.5,0.050186563,0.0025397427
-58.4,0.04995378,0.002329898
-58.3,0.049814157,0.002199018
-58.2,0.049764596,0.0021259747
-58.1,0.049820393,0.0021249375
-58.0,0.04997216,0.0021685883
-57.9,0.050207872,0.0022637015
-57.8,0.050512426,0.0023856314
-57.7,0.050857306,0.0025334992
-57.6,0.05123106,0.0026818358
-57.5,0.05160952,0.0028325536
-57.4,0.051998697,0.0029797892
-57.3,0.052368272,0.0031342825
-57.2,0.05273181,0.0033235527
-57.1,0.053046554,0.0035581
-57.0,0.05331103,0.0037407982
-56.9,0.053499535,0.0038124458
-56.8,0.053617306,0.0036858653
-56.7,0.053658597,0.003395434
-56.6,0.053636197,0.003002304
-56.5,0.053569563,0.0026240794
-56.4,0.05349334,0.0023503315
-56.3,0.05342035,0.00218127
-56.2,0.053360417,0.0020728488
-56.1,0.053299706,0.002010918
-56.0,0.053231765,0.001966995
-55.9,0.053142343,0.0019390794
-55.8,0.053040795,0.001926748
-55.7,0.052923568,0.0019231548
-55.6,0.052797645,0.0019309284
-55.5,0.05266953,0.0019538177
-55.4,0.052545425,0.0019952643
-55.3,0.05243746,0.0020562764
-55.2,0.052346054,0.0021272874
-55.1,0.05227249,0.0021950332
-55.0,0.052220654,0.0022549203
-54.9,0.052185092,0.002299823
-54.8,0.05216706,0.002338172
-54.7,0.052154135,0.0023718723
-54.6,0.052148648,0.0024093452
-54.5,0.05214089,0.0024618416
-54.4,0.052118678,0.0025312465
-54.3,0.05207389,0.0026268444
-54.2,0.052006822,0.0027334415
-54.1,0.051937055,0.0028473295
-54.0,0.0518724,0.002946987
-53.9,0.051830243,0.0030265113
-53.8,0.051801287,0.0030719975
-53.7,0.05178655,0.0030872682
-53.6,0.051773988,0.0030570524
-53.5,0.05176971,0.0029945218
-53.4,0.051770072,0.0028976137
-53.3,0.05177151,0.00280188
-53.2,0.05176468,0.0027237544
-53.1,0.051739667,0.002683615
-53.0,0.051688552,0.0026762167
-52.9,0.051611725,0.002686611
-52.8,0.051522456,0.0026914282
-52.7,0.05142861,0.0026790013
-52.6,0.051336266,0.002628063
-52.5,0.05124747,0.0025546607
-52.4,0.051175136,0.002472299
-52.3,0.051142193,0.002423834
-52.2,0.051151074,0.0024170235
-52.1,0.051203817,0.0024533968
-52.0,0.051274672,0.0025137793
-51.9,0.051338334,0.00257958
-51.8,0.051361926,0.0026415954
-51.7,0.051323768,0.0026844789
-51.6,0.05122945,0.0027073522
-51.5,0.05109893,0.0027053887
-51.4,0.05096421,0.0026969227
-51.3,0.050851,0.0027142274
-51.2,0.050771896,0.0027741431
-51.1,0.050717406,0.0028671077
-51.0,0.050671164,0.0029365988
-50.9,0.050611228,0.0029400883
-50.8,0.050537623,0.0028668307
-50.7,0.050463382,0.002750141
-50.6,0.050413426,0.002647355
-50.5,0.050387647,0.002589695
-50.4,0.050391402,0.002553281
-50.3,0.050403073,0.002512582
-50.2,0.05042686,0.0024101108
-50.1,0.050443243,0.0022717717
-50.0,0.050472695,0.0020940183
-49.9,0.050508115,0.0019385471
-49.8,0.050556794,0.001821686
-49.7,0.050588,0.0017748872
-49.6,0.050588038,0.0018122076
-49.5,0.05053217,0.001923476
-49.4,0.050425097,0.0020775937
-49.3,0.050280124,0.002234401
-49.2,0.050125573,0.0023777029
-49.1,0.049981825,0.0024921454
-49.0,0.049867265,0.0025851817
-48.9,0.04978381,0.002643714
-48.8,0.049731154,0.0026781384
-48.7,0.049707063,0.0026880766
-48.6,0.049707808,0.0026900463
-48.5,0.049732123,0.0026914026
-48.4,0.04978043,0.0026899052
-48.3,0.04984894,0.0026738003
-48.2,0.049932625,0.0026246503
-48.1,0.050021525,0.0025487898
-48.0,0.050105575,0.0024481358
-47.9,0.050183766,0.0023464574
-47.8,0.050253153,0.002245114
-47.7,0.050321296,0.0021492597
-47.6,0.050387584,0.0020551793
-47.5,0.050450046,0.0019671882
-47.4,0.05050236,0.0019071026
-47.3,0.050550103,0.0018960293
-47.2,0.050595313,0.001947552
-47.1,0.050658338,0.0020551237
-47.0,0.05073999,0.0022121551
-46.9,0.050850425,0.002416109
-46.8,0.05098003,0.002665847
-46.7,0.051134676,0.0029471947
-46.6,0.051306292,0.0032387718
-46.5,0.051498108,0.003524634
-46.4,0.051692206,0.0038000552
-46.3,0.051876843,0.0040471987
-46.2,0.05204006,0.004260713
-46.1,0.052174598,0.0044019646
-46.0,0.05227981,0.004475464
-45.9,0.052346155,0.0044817165
-45.8,0.052367218,0.004455148
-45.7,0.052339833,0.0044190446
-45.6,0.052260768,0.0043800976
-45.5,0.05214178,0.00434082
-45.4,0.05198644,0.0042866278
-45.3,0.05181168,0.00419768
-45.2,0.05162205,0.004067407
-45.1,0.051429566,0.0038832142
-45.0,0.0512371,0.003669123
-44.9,0.05105001,0.0034404125
-44.8,0.050872028,0.003225552
-44.7,0.050702028,0.0030345407
-44.6,0.05054204,0.0028650893
-44.5,0.050380133,0.00271941
-44.4,0.050227065,0.0025895694
-44.3,0.050083373,0.0024790564
-44.2,0.049959514,0.002380407
-44.1,0.049844656,0.0023005155
-44.0,0.049735587,0.002233705
-43.9,0.04962652,0.0021927694
-43.8,0.049510412,0.0021700617
-43.7,0.049383674,0.002163675
-43.6,0.049238227,0.002164865
-43.5,0.049080994,0.0021728156
-43.4,0.048910055,0.0021927261
-43.3,0.048737403,0.0022359681
-43.2,0.048555434,0.0023051137
-43.1,0.048369855,0.0023964867
-43.0,0.04818915,0.0024849714
-42.9,0.048042778,0.0025620672
-42.8,0.04795105,0.002629879
-42.7,0.047924798,0.0026937937
-42.6,0.04795018,0.0027610848
-42.5,0.04800579,0.0028191132
-42.4,0.048065238,0.0028582783
-42.3,0.04811552,0.00288942
-42.2,0.04815831,0.0029287718
-42.1,0.048207447,0.0030025851
-42.0,0.048270304,0.0031043454
-41.9,0.048353903,0.0032415942
-41.8,0.04844651,0.0033870372
-41.7,0.048545722,0.0035121972
-41.6,0.0486376,0.0035600641
-41.5,0.04872192,0.0034983992
-41.4,0.04880224,0.0033460353
-41.3,0.048897166,0.0031493572
-41.2,0.049026117,0.0029835696
-41.1,0.04919559,0.0028565493
-41.0,0.04939289,0.0027732614
-40.9,0.049594,0.002712177
-40.8,0.049780507,0.0026660692
-40.7,0.049944166,0.0026177051
-40.6,0.050095987,0.0025588993
-40.5,0.050249975,0.0024974577
-40.4,0.050439995,0.0024473532
-40.3,0.05068445,0.0024162636
-40.2,0.05100868,0.0024212457
-40.1,0.051396735,0.002408145
-40.0,0.051847983,0.0023739508
-39.9,0.052367475,0.0023219048
-39.8,0.05300761,0.0023404746
-39.7,0.053782698,0.0024384956
-39.6,0.05468173,0.0025883995
-39.5,0.055638358,0.002734416
-39.4,0.056600373,0.0028412207
-39.3,0.057506837,0.0028791968
-39.2,0.05832211,0.0028521658
-39.1,0.059036274,0.0027910816
-39.0,0.059668735,0.0027344679
-38.9,0.06024576,0.002686235
-38.8,0.060785573,0.002637751
-38.7,0.061296534,0.0025642111
-38.6,0.061777458,0.0024806578
-38.5,0.06221966,0.0023967822
-38.4,0.06262108,0.0023440844
-38.3,0.06298526,0.0023507304
-38.2,0.06331902,0.0024532457
-38.1,0.06361733,0.0026882854
-38.0,0.06387971,0.0030446448
-37.9,0.06411001,0.0034796237
-37.8,0.06431906,0.003939065
-37.7,0.06451429,0.004385281
-37.6,0.06469187,0.004791073
-37.5,0.06484297,0.005148443
-37.4,0.064950086,0.005453993
-37.3,0.064999744,0.005681355
-37.2,0.0649976,0.0058236737
-37.1,0.06495816,0.0058765314
-37.0,0.06489162,0.0058755823
-36.9,0.06479223,0.0058418596
-36.8,0.06465698,0.0057890355
-36.7,0.06447546,0.005705383
-36.6,0.06424622,0.0055746427
-36.5,0.06397324,0.0053901495
-36.4,0.06366922,0.005147605
-36.3,0.063336246,0.004844439
-36.2,0.06296758,0.004482751
-36.1,0.062556915,0.00408905
-36.0,0.062102575,0.0037061775
-35.9,0.061599605,0.0033631923
-35.8,0.0610484,0.0030823704
-35.7,0.06044269,0.0028609897
-35.6,0.059791576,0.0026815333
-35.5,0.059107754,0.0025154424
-35.4,0.058408704,0.0023209646
-35.3,0.05772504,0.0020730656
-35.2,0.057081595,0.0017839062
-35.1,0.056518223,0.0015036914
-35.0,0.05605365,0.0012893083
-34.9,0.05569662,0.0012088097
-34.8,0.055436663,0.0012956385
-34.7,0.055242117,0.0015055122
-34.6,0.055116612,0.0017380073
-34.5,0.05506356,0.001934649
-34.4,0.055113662,0.0020727634
-34.3,0.055265825,0.002149374
-34.2,0.05550061,0.0021582437
-34.1,0.05578392,0.0020980868
-34.0,0.056085106,0.0019852144
-33.9,0.05640695,0.0018300206
-33.8,0.05674835,0.0016466243
-33.7,0.057104047,0.0014457882
-33.6,0.05744324,0.0012766406
-33.5,0.057721633,0.0012050839
-33.4,0.057900574,0.0012760276
-33.3,0.057953108,0.0014316082
-33.2,0.057880025,0.0015508209
-33.1,0.05771124,0.001582101
-33.0,0.057494458,0.0015210154
-32.9,0.057271767,0.0014241511
-32.8,0.057064876,0.0013375067
-32.7,0.05687968,0.0013086763
-32.6,0.056737974,0.0013607455
-32.5,0.056661934,0.0014808993
-32.4,0.056673236,0.001613078
-32.3,0.056768257,0.0017198635
-32.2,0.056938246,0.0017782178
-32.1,0.05716144,0.001794294
-32.0,0.057424862,0.0017719446
-31.9,0.057694916,0.0017388484
-31.8,0.05795567,0.0017272811
-31.7,0.058189765,0.0017782552
-31.6,0.05839431,0.0018926206
-31.5,0.058557663,0.00205381
-31.4,0.05866219,0.0022100972
-31.3,0.05869836,0.0023196782
-31.2,0.05868425,0.0023749522
-31.1,0.058660448,0.002396156
-31.0,0.058669373,0.0024193658
-30.9,0.0587442,0.0024742717
-30.8,0.05890317,0.0025768243
-30.7,0.05914034,0.0027232636
-30.6,0.059437852,0.002892875
-30.5,0.059771176,0.0030622787
-30.4,0.060132343,0.003202789
-30.3,0.06049702,0.0032961338
-30.2,0.060840756,0.00334651
-30.1,0.061163988,0.0033654454
-30.0,0.06149031,0.003372612
-29.9,0.061831348,0.0033685365
-29.8,0.062167514,0.0033669423
-29.7,0.06245799,0.0033805661
-29.6,0.0626856,0.00341353
-29.5,0.06285025,0.0034578778
-29.4,0.06296592,0.003492623
-29.3,0.06303267,0.0035039615
-29.2,0.06305155,0.0034852552
-29.1,0.0630208,0.0034388
-29.0,0.06294203,0.0033710927
-28.9,0.06280227,0.0033106727
-28.8,0.062584706,0.0032790976
-28.7,0.062292136,0.0032793179
-28.6,0.06196112,0.003288187
-28.5,0.061622974,0.0033034103
-28.4,0.061296444,0.0033543482
-28.3,0.06096941,0.003449115
-28.2,0.06066407,0.003579011
-28.1,0.060410522,0.0037243967
-28.0,0.06022223,0.0038883956
-27.9,0.06007831,0.0040618693
-27.8,0.059938133,0.004234402
-27.7,0.05977768,0.0043672756
-27.6,0.059599105,0.0044456134
-27.5,0.059429433,0.004456858
-27.4,0.05931188,0.0044196383
-27.3,0.059269525,0.004356984
-27.2,0.05930276,0.004295861
-27.1,0.05938739,0.0042695235
-27.0,0.05950182,0.00428958
-26.9,0.059632476,0.0043555107
-26.8,0.05977052,0.0044515147
-26.7,0.059910726,0.0045619057
-26.6,0.060055416,0.004664245
-26.5,0.06021916,0.0047410643
-26.4,0.06041984,0.004781866
-26.3,0.06065989,0.004807952
-26.2,0.060911182,0.004834811
-26.1,0.061144087,0.004862008
-26.0,0.06134307,0.004876577
-25.9,0.061529476,0.0048686657
-25.8,0.061717458,0.0048408625
-25.7,0.061910722,0.0047976677
-25.6,0.062105853,0.004747919
-25.5,0.062307052,0.0046874597
-25.4,0.06251093,0.0046008653
-25.3,0.06271156,0.004486142
-25.2,0.062890016,0.0043606637
-25.1,0.063048884,0.004240607
-25.0,0.06319539,0.004123026
-24.9,0.06333605,0.0040037744
-24.8,0.06345826,0.0038863572
-24.7,0.063557096,0.003767676
-24.6,0.06364511,0.0036366316
-24.5,0.06375541,0.0034851003
-24.4,0.06391855,0.003315484
-24.3,0.06418065,0.0031700977
-24.2,0.06456202,0.0030764344
-24.1,0.065041535,0.003033149
-24.0,0.06556355,0.0029904146
-23.9,0.0660743,0.002909635
-23.8,0.066534735,0.0027773632
-23.7,0.06691197,0.002590056
-23.6,0.067205966,0.0023718812
-23.5,0.067456335,0.0021530094
-23.4,0.0677185,0.0019883276
-23.3,0.06803406,0.0019045033
-23.2,0.06840416,0.0018846939
-23.1,0.06880009,0.0018922834
-23.0,0.06919649,0.0018964966
-22.9,0.06958987,0.001908132
-22.8,0.070002474,0.0019159524
-22.7,0.07042969,0.0019065897
-22.6,0.07084373,0.0018515784
-22.5,0.07120784,0.0017609386
-22.4,0.07150744,0.0016473585
-22.3,0.0717398,0.0015278272
-22.2,0.07191958,0.0014129682
-22.1,0.072068684,0.0013289733
-22.0,0.07221475,0.0012888699
-21.9,0.07236318,0.0013159141
-21.8,0.07250418,0.001409526
-21.7,0.07263179,0.0015355079
-21.6,0.072749645,0.0016498809
-21.5,0.07287049,0.0017193632
-21.4,0.07299262,0.0017480929
-21.3,0.07310242,0.0017583257
-21.2,0.07319515,0.0017810751
-21.1,0.07327896,0.0018227561
-21.0,0.07336903,0.0018721148
-20.9,0.073468655,0.0019207438
-20.8,0.07358574,0.0019578927
-20.7,0.073721185,0.0019878866
-20.6,0.073878504,0.0020268604
-20.5,0.074040964,0.0020954323
-20.4,0.074196905,0.0021907883
-20.3,0.074336745,0.0022954463
-20.2,0.0744608,0.0023952483
-20.1,0.07456286,0.0024963794
-20.0,0.07464589,0.002618714
-19.9,0.074721485,0.002761251
-19.8,0.074811384,0.0028793926
-19.7,0.0749135,0.0029252581
-19.6,0.0750009,0.0028947226
-19.5,0.07504952,0.0028259552
-19.4,0.07503295,0.002776135
-19.3,0.07496583,0.0027753536
-19.2,0.074876465,0.0028317547
-19.1,0.07479867,0.0029369742
-19.0,0.07471158,0.0030817674
-18.9,0.074563704,0.003256912
-18.8,0.0743127,0.0034564196
-18.7,0.0739566,0.0036743614
-18.6,0.073510125,0.003903843
-18.5,0.07297934,0.004121969
-18.4,0.072374284,0.004295218
-18.3,0.07173193,0.0043864567
-18.2,0.07110368,0.0043900334
-18.1,0.07051797,0.0043291706
-18.0,0.06997271,0.004263515
-17.9,0.06945626,0.0042261467
-17.8,0.06899015,0.0042183804
-17.7,0.0686087,0.004195113
-17.6,0.06833675,0.004137849
-17.5,0.06815619,0.004037184
-17.4,0.06804199,0.0038997491
-17.3,0.06796002,0.0037412473
-17.2,0.06787704,0.0035844175
-17.1,0.067752525,0.0034596988
-17.0,0.06754576,0.0033912666
-16.9,0.06723689,0.0034057857
-16.8,0.06680713,0.0034966632
-16.7,0.06627192,0.0036298367
-16.6,0.06565691,0.003772954
-16.5,0.065008506,0.003913009
-16.4,0.064373076,0.0040515596
-16.3,0.0637896,0.0041843452
-16.2,0.06327467,0.0043026037
-16.1,0.06282347,0.0043998496
-16.0,0.062406432,0.0044663996
-15.9,0.061985705,0.0045023905
-15.8,0.061545316,0.0044857087
-15.7,0.061093792,0.0044087684
-15.6,0.060645994,0.004281282
-15.5,0.060192734,0.004133473
-15.4,0.05973074,0.0039933324
-15.3,0.059269473,0.0038740546
-15.2,0.05881885,0.0037941705
-15.1,0.05838808,0.0037640631
-15.0,0.057980996,0.003773259
-14.9,0.057618227,0.0037913814
-14.8,0.057311922,0.003784131
-14.7,0.057069812,0.0037269176
-14.6,0.056899454,0.0036184865
-14.5,0.05680525,0.0034722101
-14.4,0.05678181,0.0033221839
-14.3,0.056817133,0.0032082554
-14.2,0.056895953,0.0031578436
-14.1,0.05701079,0.0031629296
-14.0,0.057150114,0.0031765709
-13.9,0.057309322,0.0031580534
-13.8,0.057486154,0.0030972124
-13.7,0.05768123,0.003015528
-13.6,0.057899494,0.0029505112
-13.5,0.05814403,0.002918159
-13.4,0.05842915,0.0029153372
-13.3,0.058768015,0.0029277399
-13.2,0.05917867,0.0029410645
-13.1,0.059657466,0.0029668754
-13.0,0.06020301,0.003043031
-12.9,0.060805243,0.0032135346
-12.8,0.06145641,0.003460852
-12.7,0.062133905,0.0037257872
-12.6,0.06280571,0.003943432
-12.5,0.06344018,0.0040943725
-12.4,0.06401759,0.0041879374
-12.3,0.06454578,0.004231158
-12.2,0.06504443,0.0042231563
-12.1,0.065529495,0.004164758
-12.0,0.06600721,0.004077887
-11.9,0.06647554,0.003982798
-11.8,0.06692865,0.0039090575
-11.7,0.06736241,0.0038728947
-11.6,0.067770906,0.003880542
-11.5,0.068143874,0.003914413
-11.4,0.06846824,0.0039585936
-11.3,0.06874138,0.003985414
-11.2,0.06896319,0.003965504
-11.1,0.06913296,0.0038756896
-11.0,0.0692592,0.003741878
-10.9,0.069368675,0.0035952225
-10.8,0.06950121,0.003460719
-10.7,0.06967205,0.0033430187
-10.6,0.069878414,0.0032533172
-10.5,0.070097744,0.003218716
-10.4,0.070307024,0.0032388682
-10.3,0.07047999,0.003300728
-10.2,0.07060901,0.0033812937
-10.1,0.07068543,0.0034762514
-10.0,0.070704944,0.003561406
-9.9,0.0706518,0.003625508
-9.8,0.07051729,0.0036667367
-9.7,0.07030632,0.003698873
-9.6,0.07003567,0.003722637
-9.5,0.06972756,0.0037213573
-9.4,0.06939165,0.0037032838
-9.3,0.06903711,0.0036774597
-9.2,0.06868393,0.0036250697
-9.1,0.06835944,0.0035141925
-9.0,0.06809125,0.0033238186
-8.9,0.06789225,0.003098027
-8.8,0.06775818,0.0029168883
-8.7,0.067667365,0.0028528115
-8.6,0.06759188,0.0029028598
-8.5,0.067521214,0.0029846928
-8.4,0.06747473,0.0030358124
-8.3,0.06750076,0.0030322224
-8.2,0.06764645,0.0030008003
-8.1,0.067927696,0.0029889266
-8.0,0.068330914,0.003036581
-7.9,0.068833955,0.003163496
-7.8,0.069407456,0.0033206642
-7.7,0.07002544,0.003427059
-7.6,0.070660286,0.003431391
-7.5,0.071289465,0.0033552893
-7.4,0.07187195,0.0032697849
-7.3,0.0723681,0.003235403
-7.2,0.07276615,0.0032541056
-7.1,0.073085815,0.003312503
-7.0,0.073370814,0.0033871904
-6.9,0.07365944,0.0034684653
-6.8,0.07398844,0.0035454205
-6.7,0.07438202,0.0036109649
-6.6,0.07485542,0.0036674873
-6.5,0.07539937,0.0037203035
-6.4,0.07598418,0.0037522546
-6.3,0.076578476,0.003735682
-6.2,0.07716973,0.0036385523
-6.1,0.07777584,0.0034797085
-6.0,0.07842273,0.0033138113
-5.9,0.07913483,0.0031975026
-5.8,0.07990761,0.0031443487
-5.7,0.080727205,0.0031243702
-5.6,0.08159667,0.0031109843
-5.5,0.08251885,0.0030955344
-5.4,0.083485566,0.0031015035
-5.3,0.084457844,0.0031433078
-5.2,0.08541408,0.0032125516
-5.1,0.086347036,0.0032809903
-5.0,0.08725114,0.0033365856
-4.9,0.08811777,0.0034012287
-4.8,0.0889325,0.0035022304
-4.7,0.089692116,0.0036408938
-4.6,0.09039218,0.003797145
-4.5,0.091036685,0.0039461795
-4.4,0.09165295,0.0040678405
-4.3,0.092266455,0.004137707
-4.2,0.09289885,0.0041407524
-4.1,0.093532264,0.004097345
-4.0,0.094142996,0.0040219636
-3.9,0.09470688,0.003929322
-3.8,0.09521904,0.0038258499
-3.7,0.09568753,0.0037496402
-3.6,0.096131384,0.00373546
-3.5,0.09657596,0.0037778628
-3.4,0.097049884,0.003840135
-3.3,0.09759485,0.0039178636
-3.2,0.09823849,0.0039980696
-3.1,0.098981015,0.0040618633
-3.0,0.0997887,0.004096826
-2.9,0.10063301,0.0041228207
-2.8,0.101506926,0.0041659283
-2.7,0.102408834,0.0042292494
-2.6,0.10333519,0.0043018903
-2.5,0.10427529,0.004377067
-2.4,0.10521798,0.0044606784
-2.3,0.10617038,0.004571491
-2.2,0.107133254,0.004703352
-2.1,0.10811907,0.0048393523
-2.0,0.10912102,0.0049472153
-1.9,0.110136166,0.004990885
-1.8,0.111155696,0.004942724
-1.7,0.11217846,0.0048080296
-1.6,0.11320017,0.004623153
-1.5,0.114195816,0.0044229943
-1.4,0.11513401,0.0042277365
-1.3,0.11599054,0.004042523
-1.2,0.116776,0.0038840733
-1.1,0.1175013,0.0037580053
-1.0,0.11818007,0.003654975
-0.9,0.11881518,0.003573789
-0.8,0.11941528,0.0035243763
-0.7,0.119980775,0.003508031
-0.6,0.12049253,0.003503237
-0.5,0.120934084,0.0034952932
-0.4,0.12129719,0.0034720423
-0.3,0.12157445,0.0034360657
-0.2,0.12175595,0.0034028792
-0.1,0.121833935,0.0033961856
-0.0,0.12183338,0.0034280028
0.1,0.12179791,0.0034838263
0.2,0.121767804,0.0035507763
0.3,0.12177135,0.0036248704
0.4,0.12180027,0.0037030114
0.5,0.12183821,0.0037817329
0.6,0.121842355,0.0038523027
0.7,0.12177248,0.0039010576
0.8,0.121626,0.0039231824
0.9,0.121444196,0.0039229617
1.0,0.12127256,0.003901146
1.1,0.1211066,0.0038642199
1.2,0.12092231,0.0038323367
1.3,0.120729215,0.0038504472
1.4,0.12057362,0.0039556865
1.5,0.120457076,0.0041001528
1.6,0.12027976,0.004097026
1.7,0.120014906,0.003992167
1.8,0.11967514,0.0038210049
1.9,0.11935831,0.003788475
2.0,0.11905176,0.0038062455
2.1,0.1187338,0.00384072
2.2,0.11838256,0.0038781518
2.3,0.118024856,0.0039068325
2.4,0.117697574,0.0039107585
2.5,0.11740916,0.003862623
2.6,0.11713681,0.0037719423
2.7,0.11687564,0.003669392
2.8,0.11663675,0.0035794375
2.9,0.116424866,0.0035110062
3.0,0.11622149,0.0034498023
3.1,0.116014384,0.0033866807
3.2,0.11578969,0.0033219173
3.3,0.11554055,0.0032596523
3.4,0.11526393,0.003212204
3.5,0.11497091,0.0032064812
3.6,0.11464961,0.0032749218
3.7,0.114290446,0.0034285134
3.8,0.11388853,0.0036532928
3.9,0.11346296,0.0039353822
4.0,0.113019995,0.004258901
4.1,0.11256958,0.004596967
4.2,0.11212757,0.004923426
4.3,0.11170466,0.0052138595
4.4,0.11131328,0.005458521
4.5,0.11096811,0.0056417277
4.6,0.110676706,0.0057646474
4.7,0.11041857,0.0058346638
4.8,0.110156484,0.0058972924
4.9,0.10986816,0.005988436
5.0,0.10954902,0.0061454275
5.1,0.109186806,0.0063662296
5.2,0.10878432,0.006642253
5.3,0.10835818,0.006924782
5.4,0.10794714,0.007165969
5.5,0.10758938,0.007326746
5.6,0.10729326,0.0074009295
5.7,0.10703004,0.0073871887
5.8,0.106734686,0.0072997296
5.9,0.1063707,0.007180914
6.0,0.10594337,0.0070953793
6.1,0.105465285,0.0070752054
6.2,0.10494816,0.0071056313
6.3,0.10439629,0.0071529904
6.4,0.103818454,0.007201773
6.5,0.103201345,0.007253639
6.6,0.10250293,0.007296873
6.7,0.10171061,0.007339124
6.8,0.10085417,0.0073754233
6.9,0.1000141,0.0074304724
7.0,0.099225596,0.007528823
7.1,0.09846762,0.007682268
7.2,0.09769692,0.007858653
7.3,0.09689965,0.007998671
7.4,0.09611664,0.008066501
7.5,0.09539135,0.008050487
7.6,0.094743215,0.007978358
7.7,0.094133876,0.007862296
7.8,0.09350399,0.007707383
7.9,0.09281915,0.0075180405
8.0,0.09207398,0.0073079523
8.1,0.09127606,0.007098891
8.2,0.09044236,0.006908416
8.3,0.089606866,0.006731487
8.4,0.088814005,0.00654416
8.5,0.08808464,0.006317352
8.6,0.08740615,0.0060268347
8.7,0.08674934,0.005671212
8.8,0.08608738,0.0052648447
8.9,0.085398264,0.0048491335
9.0,0.08466871,0.0044585615
9.1,0.083902396,0.004120354
9.2,0.08312552,0.0038623032
9.3,0.08236442,0.003693609
9.4,0.081629366,0.003590276
9.5,0.08091321,0.0034965111
9.6,0.08021564,0.0033755675
9.7,0.0795489,0.0032383678
9.8,0.0789311,0.0031267048
9.9,0.078364775,0.0030560594
10.0,0.07783474,0.0030033272
10.1,0.07732783,0.002938867
10.2,0.076829284,0.0028618665
10.3,0.076318,0.0027886862
10.4,0.07575844,0.002738197
10.5,0.07512308,0.002732919
10.6,0.07441405,0.0027770188
10.7,0.07364158,0.0028550467
10.8,0.07280026,0.0029416229
10.9,0.07189886,0.0030183769
11.0,0.07094164,0.0030934524
11.1,0.069942065,0.003183745
11.2,0.068887606,0.0032858765
11.3,0.067782484,0.0033777223
11.4,0.06665185,0.0034298592
11.5,0.06552525,0.00343312
11.6,0.06444889,0.003380236
11.7,0.06346829,0.0032756927
11.8,0.06261763,0.0031329305
11.9,0.06190376,0.0029643646
12.0,0.061313752,0.002785648
12.1,0.060827076,0.002627892
12.2,0.06039856,0.0025144627
12.3,0.059988763,0.0024588327
12.4,0.059574053,0.002443499
12.5,0.059172276,0.0024619286
12.6,0.05880387,0.0025022675
12.7,0.05848514,0.002568837
12.8,0.058219027,0.0026549364
12.9,0.05800421,0.0027345903
13.0,0.057825617,0.002781672
13.1,0.057673264,0.0027822845
13.2,0.057540398,0.0027541136
13.3,0.057437457,0.002725375
13.4,0.057364207,0.0027152614
13.5,0.057325266,0.002709451
13.6,0.057330485,0.002684508
13.7,0.05740121,0.0026289173
13.8,0.057541624,0.0025706824
13.9,0.057750877,0.0025483232
14.0,0.058000863,0.0025718857
14.1,0.05827594,0.0026248377
14.2,0.058557868,0.0026859664
14.3,0.05885919,0.0027486742
14.4,0.059183948,0.0028159504
14.5,0.05955835,0.0028867042
14.6,0.06001169,0.0029952105
14.7,0.06056598,0.0031624169
14.8,0.061224286,0.00341935
14.9,0.061963163,0.0037642452
15.0,0.062755704,0.0041816
15.1,0.06356686,0.0046219975
15.2,0.0643643,0.0050171968
15.3,0.06512749,0.0053044558
15.4,0.06583882,0.00545809
15.5,0.06649647,0.005495553
15.6,0.06712178,0.0054554325
15.7,0.06772006,0.005374324
15.8,0.06828588,0.0052803303
15.9,0.068809,0.0051939646
16.0,0.06931221,0.0051263673
16.1,0.06981738,0.0050819064
16.2,0.070311986,0.0050525707
16.3,0.07079573,0.005019066
16.4,0.07129298,0.004948384
16.5,0.07183359,0.004825422
16.6,0.07241513,0.004658747
16.7,0.07301507,0.0044775917
16.8,0.07362291,0.0043102116
16.9,0.0742235,0.004172245
17.0,0.07480036,0.0040470865
17.1,0.07534404,0.0038963715
17.2,0.07587103,0.0037004163
17.3,0.076401085,0.0034871502
17.4,0.07693517,0.0033087132
17.5,0.07744219,0.0031858964
17.6,0.07788303,0.0030953863
17.7,0.0782413,0.0029884418
17.8,0.07851648,0.002846701
17.9,0.07870926,0.0026944736
18.0,0.07881692,0.002615507
18.1,0.078835905,0.002638034
18.2,0.07880014,0.0027383033
18.3,0.07876087,0.002870385
18.4,0.07877693,0.0030315036
18.5,0.0788879,0.003230531
18.6,0.07908384,0.0034478006
18.7,0.079312675,0.0036399947
18.8,0.07950718,0.0037954468
18.9,0.07961993,0.00393386
19.0,0.079623915,0.00407146
19.1,0.07948378,0.0041793613
19.2,0.07916747,0.0042461837
19.3,0.07869793,0.0042856713
19.4,0.07812324,0.004327146
19.5,0.077488475,0.004340476
19.6,0.076808505,0.004292749
19.7,0.07611171,0.00417865
19.8,0.07545715,0.004034847
19.9,0.07486911,0.0038854948
20.0,0.07432685,0.0037204945
20.1,0.073783465,0.0035257493
20.2,0.07324558,0.003330568
20.3,0.072769634,0.003192429
20.4,0.07238369,0.003154459
20.5,0.072064705,0.0032003687
20.6,0.07174218,0.0032681066
20.7,0.07139152,0.003312368
20.8,0.07103778,0.003309461
20.9,0.07071262,0.0032675022
21.0,0.07042903,0.0032055674
21.1,0.07017728,0.0031306716
21.2,0.06995107,0.0030423019
21.3,0.06971634,0.0029278789
21.4,0.06941162,0.0028102703
21.5,0.06895103,0.0027370392
21.6,0.068257935,0.002772191
21.7,0.06725008,0.0029323976
21.8,0.0658953,0.0031546592
21.9,0.06427501,0.0032998335
22.0,0.06258608,0.0032844262
22.1,0.061072942,0.0031437576
22.2,0.05992718,0.002967544
22.3,0.059249993,0.0028336202
22.4,0.059043795,0.002760411
22.5,0.05923722,0.0027221064
22.6,0.059734695,0.0026945302
22.7,0.060431782,0.0026562011
22.8,0.06118825,0.0026017216
22.9,0.061886758,0.002555079
23.0,0.062445205,0.002550455
23.1,0.06288577,0.0025765337
23.2,0.063260935,0.002620388
23.3,0.06363628,0.0026686527
23.4,0.0640503,0.002718222
23.5,0.06451357,0.002760981
23.6,0.06502817,0.0027888913
23.7,0.06559085,0.0028082763
23.8,0.06620493,0.0028314795
23.9,0.0668534,0.002860328
24.0,0.06750618,0.0028789588
24.1,0.06810007,0.0028853728
24.2,0.06859143,0.002905505
24.3,0.06895062,0.0029660987
24.4,0.06917795,0.0030443408
24.5,0.069295414,0.0030786926
24.6,0.06931211,0.0030450907
24.7,0.06924688,0.00295889
24.8,0.0691074,0.0028668086
24.9,0.068909995,0.0027858063
25.0,0.0686644,0.0026990848
25.1,0.06837683,0.0025984743
25.2,0.06805759,0.0024836368
25.3,0.06770719,0.002373657
25.4,0.06733776,0.0022706755
25.5,0.06697084,0.002161718
25.6,0.06663405,0.002050835
25.7,0.06633617,0.0019378453
25.8,0.06606605,0.0018221507
25.9,0.06580655,0.0017012658
26.0,0.065538645,0.0015791837
26.1,0.06526184,0.0014806318
26.2,0.06499517,0.0014241689
26.3,0.06473707,0.0014201989
26.4,0.06446214,0.0014560553
26.5,0.06414052,0.0015041719
26.6,0.063772835,0.0015350338
26.7,0.06338976,0.0015479056
26.8,0.06302334,0.0015530372
26.9,0.06270185,0.0015658016
27.0,0.062436365,0.0015803844
27.1,0.06223171,0.0015826722
27.2,0.062080998,0.0015728461
27.3,0.061975114,0.0015551987
27.4,0.061903156,0.0015469862
27.5,0.0618688,0.0015494551
27.6,0.061894026,0.0015832252
27.7,0.0619907,0.0016596857
27.8,0.062147737,0.0017782012
27.9,0.062336296,0.0019120389
28.0,0.06253359,0.0020315212
28.1,0.062745176,0.0021362163
28.2,0.06298774,0.0022297807
28.3,0.06329503,0.0023436858
28.4,0.06368884,0.0024949478
28.5,0.06417801,0.0026799364
28.6,0.064753935,0.0028731446
28.7,0.06538142,0.0030530023
28.8,0.0660219,0.0032210508
28.9,0.06663432,0.0033806474
29.0,0.06720976,0.003521969
29.1,0.067735285,0.0036229428
29.2,0.06820063,0.0036674265
29.3,0.06858334,0.0036571594
29.4,0.06886295,0.0036087367
29.5,0.069032915,0.003540306
29.6,0.06909553,0.003453151
29.7,0.06906074,0.0033560798
29.8,0.06892914,0.003273408
29.9,0.06871721,0.0032437546
30.0,0.06846148,0.0032834676
30.1,0.06821045,0.00339573
30.2,0.0680006,0.0035735427
30.3,0.06784939,0.0037967241
30.4,0.067745246,0.004026298
30.5,0.06767748,0.0042319507
30.6,0.0676222,0.0044046403
30.7,0.067580976,0.004555982
30.8,0.06755213,0.004682428
30.9,0.06753853,0.0047652083
31.0,0.06753565,0.004786773
31.1,0.067527525,0.004748968
31.2,0.06749614,0.004664014
31.3,0.06742633,0.0045432355
31.4,0.067306705,0.0043997783
31.5,0.06714825,0.0042504184
31.6,0.06696864,0.004120502
31.7,0.06678902,0.0040229694
31.8,0.0666057,0.003964859
31.9,0.06641341,0.003928572
32.0,0.06619929,0.0038953687
32.1,0.06597655,0.0038331186
32.2,0.06573186,0.003739815
32.3,0.065462485,0.0036143782
32.4,0.06515292,0.0034799657
32.5,0.06481143,0.0033328685
32.6,0.06445415,0.0031816382
32.7,0.06408945,0.003025932
32.8,0.06371443,0.0028766815
32.9,0.063319564,0.002733658
33.0,0.062904775,0.0026058403
33.1,0.06249612,0.0024937112
33.2,0.06212495,0.002399198
33.3,0.061820693,0.0023314655
33.4,0.061585207,0.0023043794
33.5,0.061400354,0.0023207448
33.6,0.061253726,0.002362166
33.7,0.061129957,0.002403255
33.8,0.06102534,0.0024254108
33.9,0.060926378,0.0024270352
34.0,0.060833443,0.0024131727
34.1,0.06075715,0.0023905
34.2,0.06071221,0.0023703407
34.3,0.060709685,0.0023707727
34.4,0.060750186,0.0024123457
34.5,0.060832873,0.0024983732
34.6,0.060959447,0.0026172793
34.7,0.061120126,0.0027509336
34.8,0.061305337,0.0028964742
34.9,0.061490986,0.00306197
35.0,0.06167709,0.0032633615
35.1,0.06186353,0.0035131883
35.2,0.06206537,0.0038258592
35.3,0.0622881,0.004218688
35.4,0.062537305,0.0046802815
35.5,0.06281781,0.0051996084
35.6,0.063119635,0.00574232
35.7,0.06343156,0.0062958538
35.8,0.063729756,0.00683642
35.9,0.0640184,0.007348474
36.0,0.064308144,0.00782186
36.1,0.06460636,0.008243417
36.2,0.06490121,0.008603693
36.3,0.065178774,0.008898912
36.4,0.06543265,0.009121867
36.5,0.065661564,0.009280154
36.6,0.06586174,0.00938077
36.7,0.06601916,0.009423865
36.8,0.066126406,0.009426363
36.9,0.066182226,0.009394869
37.0,0.06620072,0.009365966
37.1,0.06618328,0.00934205
37.2,0.06612307,0.009326563
37.3,0.06601013,0.009291253
37.4,0.06584538,0.009224312
37.5,0.06562782,0.009099258
37.6,0.06536507,0.008910333
37.7,0.06506861,0.008652926
37.8,0.06472541,0.0083315205
37.9,0.06434082,0.007964996
38.0,0.06390112,0.0075653843
38.1,0.063418835,0.007144466
38.2,0.06288638,0.0067091826
38.3,0.062297404,0.0062499098
38.4,0.061659206,0.0057891975
38.5,0.06097402,0.0053367848
38.6,0.060258772,0.004930571
38.7,0.059520952,0.00458981
38.8,0.05877367,0.004321241
38.9,0.05803943,0.00410537
39.0,0.05732274,0.0039227186
39.1,0.05663583,0.0037671707
39.2,0.055967286,0.0036395043
39.3,0.055326346,0.003556876
39.4,0.05471297,0.0035076973
39.5,0.054132063,0.0034927453
39.6,0.053590294,0.0034905844
39.7,0.053090487,0.0034961936
39.8,0.05264052,0.003504264
39.9,0.0522655,0.0034976217
40.0,0.051973667,0.003492054
40.1,0.05178071,0.0034693112
40.2,0.05166399,0.0034594072
40.3,0.05159967,0.0034511539
40.4,0.05154465,0.0034561781
40.5,0.051464934,0.0034538223
40.6,0.05135014,0.0034416907
40.7,0.05119467,0.0034098073
40.8,0.05101114,0.003370608
40.9,0.05081262,0.003322402
41.0,0.050626308,0.0032856448
41.1,0.050457038,0.0032438412
41.2,0.050314378,0.003195478
41.3,0.050195187,0.003126823
41.4,0.050109338,0.0030468835
41.5,0.050047815,0.002979344
41.6,0.049997073,0.0029450124
41.7,0.04994026,0.0029564467
41.8,0.049865928,0.003002238
41.9,0.049784586,0.003058118
42.0,0.049697127,0.0031080442
42.1,0.049610265,0.0031312052
42.2,0.049508184,0.003113696
42.3,0.049376428,0.0030574293
42.4,0.049197074,0.002979255
42.5,0.04896197,0.0028925017
42.6,0.048654348,0.0028100794
42.7,0.048285365,0.0027282455
42.8,0.04784179,0.0026780725
42.9,0.04736225,0.0026704406
43.0,0.046853594,0.002718554
43.1,0.04635894,0.002806926
43.2,0.04588285,0.0029122408
43.3,0.045447674,0.003005071
43.4,0.04505019,0.0030778334
43.5,0.044707358,0.0031094048
43.6,0.044411536,0.0031055242
43.7,0.044178147,0.003045569
43.8,0.043993507,0.002951673
43.9,0.043870118,0.0028248932
44.0,0.043796405,0.0026883683
44.1,0.043776665,0.0025633872
44.2,0.043793686,0.0024664267
44.3,0.043834627,0.0024251607
44.4,0.04388354,0.0024365517
44.5,0.043928158,0.0025102377
44.6,0.04394972,0.0026211345
44.7,0.043932375,0.0027529665
44.8,0.04385984,0.0028703585
44.9,0.043741353,0.0029676328
45.0,0.043596864,0.0030243134
45.1,0.043454774,0.0030473883
45.2,0.043328363,0.0030366522
45.3,0.043230027,0.0030056755
45.4,0.04315355,0.0029726406
45.5,0.043092735,0.0029454485
45.6,0.043035273,0.0029302095
45.7,0.042968463,0.0029009061
45.8,0.04290559,0.0028618681
45.9,0.04283796,0.0028211589
46.0,0.04278161,0.002813683
46.1,0.042726245,0.0028531817
46.2,0.04267948,0.0029461998
46.3,0.04264486,0.0030864722
46.4,0.042633604,0.0032527521
46.5,0.04265393,0.0034306687
46.6,0.04270623,0.003593841
46.7,0.04277647,0.0037262356
46.8,0.042852033,0.003802138
46.9,0.042918105,0.0038156223
47.0,0.04296653,0.0037544747
47.1,0.042991783,0.0036335
47.2,0.04299044,0.003460003
47.3,0.042957854,0.0032542935
47.4,0.042900287,0.0030320203
47.5,0.042818666,0.002802033
47.6,0.042735897,0.002590382
47.7,0.042659666,0.0024050407
47.8,0.042607028,0.0022762779
47.9,0.042586993,0.0022061719
48.0,0.04259983,0.002192595
48.1,0.04265219,0.002229822
48.2,0.042729277,0.0022973556
48.3,0.042825047,0.0023915428
48.4,0.04293426,0.0024926264
48.5,0.04304759,0.002593585
48.6,0.043171495,0.002674109
48.7,0.043286465,0.0027358118
48.8,0.043398302,0.0027722544
48.9,0.04349318,0.0028003317
49.0,0.043590076,0.0028209435
49.1,0.043683477,0.0028461495
49.2,0.043785788,0.0028866108
49.3,0.043883383,0.0029450466
49.4,0.04396761,0.002987245
49.5,0.04402975,0.0029782588
49.6,0.044063557,0.0028985138
49.7,0.04408262,0.0027664457
49.8,0.044097356,0.0026229925
49.9,0.044132724,0.0025034691
50.0,0.04419856,0.0024295985
50.1,0.044298515,0.0023878086
50.2,0.044423588,0.002355034
50.3,0.044567816,0.0023200966
50.4,0.044722646,0.0022722706
50.5,0.044876613,0.0022191668
50.6,0.045024946,0.002173469
50.7,0.045162432,0.0021489812
50.8,0.045300268,0.0021537854
50.9,0.04543967,0.0021764222
51.0,0.045593463,0.0022062578
51.1,0.045756485,0.002230379
51.2,0.0459343,0.0022470937
51.3,0.046118554,0.0022504476
51.4,0.046312425,0.0022430548
51.5,0.046509504,0.0022256565
51.6,0.046702713,0.0022099856
51.7,0.046886973,0.0021978177
51.8,0.0470531,0.0021905624
51.9,0.04720578,0.002183188
52.0,0.047340386,0.0021768168
52.1,0.047462344,0.0021680733
52.2,0.04757244,0.0021579887
52.3,0.047668446,0.0021462243
52.4,0.047759723,0.0021350803
52.5,0.047854226,0.0021354156
52.6,0.04796483,0.002147394
52.7,0.048103053,0.0021690845
52.8,0.04826367,0.0021921252
52.9,0.04845654,0.002206033
53.0,0.048669875,0.0022158325
53.1,0.04891123,0.0022017346
53.2,0.049174745,0.0021729625
53.3,0.049461924,0.00211825
53.4,0.04976333,0.002055596
53.5,0.050074264,0.0019938597
53.6,0.050392643,0.0019470195
53.7,0.050715033,0.0019233611
53.8,0.05105098,0.0019280653
53.9,0.051402695,0.0019698886
54.0,0.051777616,0.0020439725
54.1,0.052167233,0.0021535053
54.2,0.05256724,0.0022880135
54.3,0.05297217,0.0024460151
54.4,0.05338038,0.0026207613
54.5,0.053789433,0.0028102365
54.6,0.05421081,0.0030078262
54.7,0.054639753,0.0032135781
54.8,0.055083062,0.0034164367
54.9,0.055533435,0.003630243
55.0,0.055984028,0.0038420623
55.1,0.05643146,0.004075715
55.2,0.056869283,0.0043151365
55.3,0.05729797,0.0045665056
55.4,0.057714473,0.0048139165
55.5,0.058124963,0.0050515267
55.6,0.058537498,0.0052718422
55.7,0.058962904,0.005462279
55.8,0.05940763,0.005624792
55.9,0.059881043,0.005761307
56.0,0.060384914,0.0058722603
56.1,0.06092168,0.0059620016
56.2,0.06148987,0.0060312245
56.3,0.06208822,0.006073456
56.4,0.06271061,0.0060908548
56.5,0.0633598,0.006072731
56.6,0.06403193,0.006023824
56.7,0.064714745,0.0059322794
56.8,0.065392144,0.005793864
56.9,0.066059925,0.005627978
57.0,0.06671284,0.005423344
57.1,0.06735412,0.0052014804
57.2,0.06797306,0.004953149
57.3,0.068581514,0.004700401
57.4,0.06916496,0.0044309264
57.5,0.06973823,0.0041596624
57.6,0.07029994,0.0039018446
57.7,0.07086751,0.003674757
57.8,0.07143164,0.00349807
57.9,0.07199202,0.0033703896
58.0,0.07254546,0.0033043197
58.1,0.07308246,0.003286097
58.2,0.073604174,0.0033125828
58.3,0.07409866,0.003369337
58.4,0.0745734,0.0034364937
58.5,0.075020894,0.003510739
58.6,0.075453915,0.0035677303
58.7,0.07587316,0.00361084
58.8,0.07629122,0.00363568
58.9,0.07670799,0.003636535
59.0,0.07712681,0.0036136126
59.1,0.077545,0.0035671005
59.2,0.077967666,0.0035093105
59.3,0.07839086,0.0034385996
59.4,0.078816324,0.0033622847
59.5,0.07923989,0.003288243
59.6,0.07966285,0.0032187987
59.7,0.08007339,0.0031526575
59.8,0.080467016,0.0030883015
59.9,0.08085356,0.0030311933
60.0,0.08121662,0.0029756473
60.1,0.08156563,0.0029295876
60.2,0.08189289,0.0028888106
60.3,0.08221378,0.0028587775
60.4,0.08251994,0.0028299703
60.5,0.08281169,0.0028017887
60.6,0.083107635,0.0027763862
60.7,0.083404936,0.0027551907
60.8,0.08371579,0.0027459413
60.9,0.08403149,0.0027392537
61.0,0.084356576,0.0027343733
61.1,0.08468296,0.0027288517
61.2,0.085018195,0.0027173094
61.3,0.0853639,0.0026974997
61.4,0.08571306,0.0026632948
61.5,0.08607427,0.0026210947
61.6,0.08645175,0.0025674289
61.7,0.08685471,0.0025016437
61.8,0.08727784,0.0024262676
61.9,0.08772879,0.002341796
62.0,0.08820947,0.00224997
62.1,0.08870685,0.0021525393
62.2,0.08923028,0.002065298
62.3,0.08977571,0.0020011798
62.4,0.09034795,0.0019667717
62.5,0.09093774,0.0019616631
62.6,0.09154006,0.0019653433
62.7,0.09215911,0.0019790106
62.8,0.09277897,0.0020012162
62.9,0.09341077,0.002031479
63.0,0.09404952,0.0020707867
63.1,0.09470203,0.0021126491
63.2,0.09536537,0.0021654603
63.3,0.096031524,0.0022278232
63.4,0.09670796,0.002300526
63.5,0.097394615,0.002380079
63.6,0.09810394,0.0024585107
63.7,0.098832436,0.002535266
63.8,0.099576175,0.002607138
63.9,0.1003407,0.0026707822
64.0,0.10112208,0.0027345833
64.1,0.1019321,0.002799215
64.2,0.10277732,0.0028694684
64.3,0.10365535,0.002937975
64.4,0.104585715,0.003013483
64.5,0.10556764,0.003102736
64.6,0.10660333,0.003187696
64.7,0.10767685,0.0032752135
64.8,0.108794406,0.0033751985
64.9,0.10996321,0.0034777587
65.0,0.111171976,0.003584274
65.1,0.112392865,0.003684947
65.2,0.11363052,0.0037779254
65.3,0.11487761,0.0038716388
65.4,0.11613889,0.0039675226
65.5,0.11739668,0.0040523824
65.6,0.118638515,0.004116233
65.7,0.11987151,0.004174125
65.8,0.1210965,0.004241249
65.9,0.12229497,0.0043014144
66.0,0.123457834,0.004357239
66.1,0.12458395,0.0044186716
66.2,0.1256895,0.004489315
66.3,0.12675567,0.0045652175
66.4,0.12776555,0.004641622
66.5,0.12874068,0.004707744
66.6,0.12969007,0.0047939424
66.7,0.13061483,0.0048911003
66.8,0.13151999,0.0049950914
66.9,0.13241512,0.0050922497
67.0,0.13330287,0.005186362
67.1,0.13417886,0.005293276
67.2,0.13503894,0.005406871
67.3,0.13590358,0.005519426
67.4,0.13676913,0.005630177
67.5,0.13763045,0.0057351193
67.6,0.13849239,0.005828052
67.7,0.13935973,0.0059097414
67.8,0.1402374,0.005990727
67.9,0.14113428,0.0060632625
68.0,0.14204633,0.006123063
68.1,0.1429699,0.0061644115
68.2,0.14390153,0.006194927
68.3,0.1448444,0.0062272195
68.4,0.14579374,0.006257864
68.5,0.1467525,0.006300107
68.6,0.1477094,0.0063516065
68.7,0.1486669,0.0063949944
68.8,0.14962228,0.0064445958
68.9,0.15058045,0.0065044644
69.0,0.1515467,0.0065687634
69.1,0.15251598,0.0066382443
69.2,0.15348259,0.0067109256
69.3,0.1544497,0.006779953
69.4,0.15542182,0.0068484666
69.5,0.15639745,0.0069138687
69.6,0.15738846,0.006971391
69.7,0.15839301,0.007017103
69.8,0.15941527,0.007048589
69.9,0.16044754,0.0070755784
70.0,0.16148381,0.007108406
70.1,0.16252434,0.007150894
70.2,0.16357623,0.0072059385
70.3,0.1646453,0.007277739
70.4,0.16573562,0.0073559284
70.5,0.1668393,0.007434733
70.6,0.16795696,0.007503326
70.7,0.16908276,0.007561704
70.8,0.17021625,0.0076083043
70.9,0.17136335,0.0076561254
71.0,0.17252542,0.0076920628
71.1,0.17369659,0.0077156825
71.2,0.17487553,0.007735163
71.3,0.17606504,0.0077489126
71.4,0.17726184,0.0077619893
71.5,0.17846392,0.0077752536
71.6,0.17968622,0.0077847634
71.7,0.18091945,0.0077947946
71.8,0.18217094,0.0078088674
71.9,0.18343857,0.007827641
72.0,0.18472436,0.007836751
72.1,0.18602608,0.007838087
72.2,0.1873408,0.007840179
72.3,0.18867569,0.007837697
72.4,0.19002269,0.007834049
72.5,0.1913939,0.0078292135
72.6,0.1927807,0.007799972
72.7,0.19417533,0.0077525275
72.8,0.19557396,0.007697716
72.9,0.19699587,0.0076332963
73.0,0.19843885,0.007571391
73.1,0.19989946,0.0075002857
73.2,0.20139925,0.007408017
73.3,0.20291542,0.0073094238
73.4,0.20446166,0.007214966
73.5,0.20592147,0.006981958
73.6,0.20731527,0.0066191847
73.7,0.20866893,0.0061720875
73.8,0.21008427,0.005785181
73.9,0.21156885,0.0054206285
74.0,0.21309267,0.005096993
74.1,0.21464543,0.0048000473
74.2,0.2162578,0.0045013633
74.3,0.21788424,0.0042320183
74.4,0.2195498,0.0040158667
74.5,0.221239,0.0038391605
74.6,0.22296245,0.0036348065
74.7,0.22472233,0.0035127485
74.8,0.22646002,0.0034524396
74.9,0.22815564,0.003353953
75.0,0.22971097,0.0031427527
75.1,0.23116706,0.0029134636
75.2,0.23261479,0.0026711256
75.3,0.2340097,0.002305318
75.4,0.23539244,0.001984599
75.5,0.23660249,0.001672886
75.6,0.2376477,0.0011877056
75.7,0.23873392,0.0006369338
75.8,nan,nan
75.9,nan,nan
76.0,nan,nan
76.1,nan,nan
76.2,nan,nan
76.3,nan,nan
76.4,nan,nan
76.5,nan,nan
76.6,nan,nan
76.7,nan,nan
76.8,nan,nan
76.9,nan,nan
77.0,nan,nan
77.1,nan,nan
77.2,nan,nan
77.3,nan,nan
77.4,nan,nan
77.5,nan,nan
77.6,nan,nan
77.7,nan,nan
77.8,nan,nan
77.9,nan,nan
78.0,nan,nan
78.1,nan,nan
78.2,nan,nan
78.3,nan,nan
78.4,nan,nan
78.5,nan,nan
78.6,nan,nan
78.7,nan,nan
78.8,nan,nan
78.9,nan,nan
79.0,nan,nan
79.1,nan,nan
79.2,nan,nan
79.3,nan,nan
79.4,nan,nan
79.5,nan,nan
79.6,nan,nan
79.7,nan,nan
79.8,nan,nan
79.9,nan,nan
80.0,nan,nan
80.1,nan,nan
80.2,nan,nan
80.3,nan,nan
80.4,nan,nan
80.5,nan,nan
80.6,nan,nan
80.7,nan,nan
80.8,nan,nan
80.9,nan,nan
81.0,nan,nan
81.1,nan,nan
81.2,nan,nan
81.3,nan,nan
81.4,nan,nan
81.5,nan,nan
81.6,nan,nan
81.7,nan,nan
81.8,nan,nan
81.9,nan,nan
82.0,nan,nan
82.1,nan,nan
82.2,nan,nan
82.3,nan,nan
82.4,nan,nan
82.5,nan,nan
82.6,nan,nan
82.7,nan,nan
82.8,nan,nan
82.9,nan,nan
83.0,nan,nan
83.1,nan,nan
83.2,nan,nan
83.3,nan,nan
83.4,nan,nan
83.5,nan,nan
83.6,nan,nan
83.7,nan,nan
83.8,nan,nan
83.9,nan,nan
84.0,nan,nan
84.1,nan,nan
84.2,nan,nan
84.3,nan,nan
84.4,nan,nan
84.5,nan,nan
84.6,nan,nan
84.7,nan,nan
84.8,nan,nan
84.9,nan,nan
85.0,nan,nan
85.1,nan,nan
85.2,nan,nan
85.3,nan,nan
85.4,nan,nan
85.5,nan,nan
85.6,nan,nan
85.7,nan,nan
85.8,nan,nan
85.9,nan,nan
86.0,nan,nan
86.1,nan,nan
86.2,nan,nan
86.3,nan,nan
86.4,nan,nan
86.5,nan,nan
86.6,nan,nan
86.7,nan,nan
86.8,nan,nan
86.9,nan,nan
87.0,nan,nan
87.1,nan,nan
87.2,nan,nan
87.3,nan,nan
87.4,nan,nan
87.5,nan,nan
87.6,nan,nan
87.7,nan,nan
87.8,nan,nan
87.9,nan,nan
88.0,nan,nan
88.1,nan,nan
88.2,nan,nan
88.3,nan,nan
88.4,nan,nan
88.5,nan,nan
88.6,nan,nan
88.7,nan,nan
88.8,nan,nan
88.9,nan,nan
89.0,nan,nan
89.1,nan,nan
89.2,nan,nan
89.3,nan,nan
89.4,nan,nan
89.5,nan,nan
89.6,nan,nan
89.7,nan,nan
89.8,nan,nan
89.9,nan,nan
90.0,nan,nan
