PC_Latitude,I/F,Error
-90.0,nan,nan
-89.9,nan,nan
-89.8,nan,nan
-89.7,nan,nan
-89.6,nan,nan
-89.5,nan,nan
-89.4,nan,nan
-89.3,nan,nan
-89.2,nan,nan
-89.1,nan,nan
-89.0,nan,nan
-88.9,nan,nan
-88.8,nan,nan
-88.7,nan,nan
-88.6,nan,nan
-88.5,nan,nan
-88.4,nan,nan
-88.3,nan,nan
-88.2,nan,nan
-88.1,nan,nan
-88.0,nan,nan
-87.9,nan,nan
-87.8,nan,nan
-87.7,nan,nan
-87.6,nan,nan
-87.5,nan,nan
-87.4,nan,nan
-87.3,nan,nan
-87.2,nan,nan
-87.1,nan,nan
-87.0,nan,nan
-86.9,nan,nan
-86.8,nan,nan
-86.7,nan,nan
-86.6,nan,nan
-86.5,nan,nan
-86.4,nan,nan
-86.3,nan,nan
-86.2,nan,nan
-86.1,nan,nan
-86.0,nan,nan
-85.9,nan,nan
-85.8,nan,nan
-85.7,nan,nan
-85.6,nan,nan
-85.5,nan,nan
-85.4,nan,nan
-85.3,nan,nan
-85.2,nan,nan
-85.1,nan,nan
-85.0,nan,nan
-84.9,nan,nan
-84.8,nan,nan
-84.7,nan,nan
-84.6,nan,nan
-84.5,nan,nan
-84.4,nan,nan
-84.3,nan,nan
-84.2,nan,nan
-84.1,nan,nan
-84.0,nan,nan
-83.9,nan,nan
-83.8,nan,nan
-83.7,nan,nan
-83.6,nan,nan
-83.5,nan,nan
-83.4,nan,nan
-83.3,nan,nan
-83.2,nan,nan
-83.1,nan,nan
-83.0,nan,nan
-82.9,nan,nan
-82.8,nan,nan
-82.7,nan,nan
-82.6,nan,nan
-82.5,nan,nan
-82.4,nan,nan
-82.3,nan,nan
-82.2,nan,nan
-82.1,nan,nan
-82.0,nan,nan
-81.9,nan,nan
-81.8,nan,nan
-81.7,nan,nan
-81.6,nan,nan
-81.5,nan,nan
-81.4,nan,nan
-81.3,nan,nan
-81.2,0.3426495,0.0069879717
-81.1,0.34210312,0.007255439
-81.0,0.3410877,0.0075978055
-80.9,0.33988878,0.007983126
-80.8,0.33831125,0.008348982
-80.7,0.33654028,0.008718268
-80.6,0.33458558,0.009016662
-80.5,0.33244044,0.009222406
-80.4,0.3303407,0.009427317
-80.3,0.3281548,0.009664747
-80.2,0.32582378,0.00984488
-80.1,0.323326,0.009862551
-80.0,0.3208275,0.00988852
-79.9,0.31833917,0.009920366
-79.8,0.31587732,0.009912659
-79.7,0.3134622,0.009919476
-79.6,0.3110785,0.009944351
-79.5,0.30869284,0.009963204
-79.4,0.30636108,0.009947896
-79.3,0.3040494,0.009934959
-79.2,0.30176282,0.009932392
-79.1,0.29951343,0.009914984
-79.0,0.29727724,0.009915861
-78.9,0.29504377,0.009914561
-78.8,0.2928313,0.0098780785
-78.7,0.29064178,0.009856287
-78.6,0.28846794,0.009860587
-78.5,0.28628388,0.009895443
-78.4,0.28413385,0.009931964
-78.3,0.28200522,0.009999777
-78.2,0.27989703,0.010080747
-78.1,0.2778101,0.01017546
-78.0,0.27572334,0.0102990735
-77.9,0.27363366,0.010439213
-77.8,0.27156925,0.010571477
-77.7,0.26952758,0.010721804
-77.6,0.26749447,0.010887557
-77.5,0.26547277,0.011038606
-77.4,0.26346028,0.011197335
-77.3,0.26146525,0.011354893
-77.2,0.25949436,0.011497424
-77.1,0.25753412,0.011629709
-77.0,0.255585,0.011750061
-76.9,0.2536348,0.01185642
-76.8,0.25172344,0.011955881
-76.7,0.24983644,0.012050911
-76.6,0.2479695,0.012139488
-76.5,0.2461324,0.012222697
-76.4,0.24432105,0.012315389
-76.3,0.24253474,0.012392029
-76.2,0.2407748,0.012442279
-76.1,0.23903434,0.012475338
-76.0,0.23730916,0.012504427
-75.9,0.23561275,0.012515297
-75.8,0.23393875,0.0125035485
-75.7,0.23228621,0.012466866
-75.6,0.23064551,0.012419222
-75.5,0.22902684,0.012371724
-75.4,0.22742906,0.012309445
-75.3,0.22584821,0.012224737
-75.2,0.22428139,0.012134352
-75.1,0.22272526,0.012046429
-75.0,0.22118156,0.011950439
-74.9,0.21964936,0.011844319
-74.8,0.21813068,0.011723544
-74.7,0.21662156,0.011598535
-74.6,0.21511945,0.01147179
-74.5,0.2136212,0.011334669
-74.4,0.212125,0.011192281
-74.3,0.2106293,0.011048691
-74.2,0.20913929,0.010900897
-74.1,0.20764996,0.010748987
-74.0,0.20617047,0.010605957
-73.9,0.20469785,0.010463791
-73.8,0.20322424,0.010332555
-73.7,0.20175865,0.010205588
-73.6,0.2003153,0.010070601
-73.5,0.19889674,0.009941947
-73.4,0.19751109,0.009820519
-73.3,0.19614844,0.0097098285
-73.2,0.19479987,0.009609263
-73.1,0.19346528,0.009508095
-73.0,0.19213963,0.009404808
-72.9,0.19082995,0.009303332
-72.8,0.1895323,0.009191776
-72.7,0.18823972,0.009070774
-72.6,0.18695474,0.0089442115
-72.5,0.18568194,0.008811863
-72.4,0.18441424,0.008675661
-72.3,0.18315762,0.008536325
-72.2,0.18191843,0.008391328
-72.1,0.18068352,0.008255526
-72.0,0.17946166,0.00812178
-71.9,0.1782494,0.00799069
-71.8,0.17705125,0.007859312
-71.7,0.17586833,0.00772486
-71.6,0.17469053,0.0075943973
-71.5,0.17352988,0.007478309
-71.4,0.17240286,0.0073725567
-71.3,0.17128864,0.0072887344
-71.2,0.17018624,0.007223687
-71.1,0.16909096,0.0071726553
-71.0,0.1680101,0.0071419342
-70.9,0.16694893,0.00712688
-70.8,0.16589451,0.007119725
-70.7,0.16485086,0.0071208132
-70.6,0.16382623,0.0071258754
-70.5,0.16279489,0.007133674
-70.4,0.16176471,0.0071369456
-70.3,0.16072801,0.007133938
-70.2,0.15968311,0.0071266014
-70.1,0.15863115,0.0071081244
-70.0,0.15756121,0.0070783366
-69.9,0.15648352,0.0070426203
-69.8,0.15539892,0.0070007327
-69.7,0.15430127,0.006956114
-69.6,0.15320177,0.0069122934
-69.5,0.15209559,0.0068711923
-69.4,0.15099178,0.0068306588
-69.3,0.1498926,0.006781203
-69.2,0.14878692,0.0067250445
-69.1,0.14768507,0.0066603064
-69.0,0.14658229,0.0065924083
-68.9,0.14548834,0.006521058
-68.8,0.14440708,0.0064449143
-68.7,0.14332683,0.006367574
-68.6,0.14225608,0.006282259
-68.5,0.14118268,0.006190158
-68.4,0.14011174,0.0060943295
-68.3,0.13904345,0.005994271
-68.2,0.13797349,0.0058878073
-68.1,0.13691644,0.005780527
-68.0,0.1358612,0.005682912
-67.9,0.13482098,0.00558968
-67.8,0.13380235,0.00550364
-67.7,0.13280453,0.0054313126
-67.6,0.1318432,0.0053658024
-67.5,0.1309051,0.0053138193
-67.4,0.13000543,0.0052772625
-67.3,0.12913845,0.005251282
-67.2,0.12830472,0.005242465
-67.1,0.1275016,0.005252218
-67.0,0.12670512,0.00529385
-66.9,0.12592164,0.0053722993
-66.8,0.12512939,0.0054875994
-66.7,0.12432753,0.0056383824
-66.6,0.12350688,0.0058135805
-66.5,0.122669615,0.006007114
-66.4,0.121805236,0.0062153307
-66.3,0.120903745,0.006436975
-66.2,0.119966716,0.006675199
-66.1,0.11898952,0.006942455
-66.0,0.11796928,0.0072339238
-65.9,0.11690135,0.0075502777
-65.8,0.115794055,0.007892539
-65.7,0.1146353,0.008256663
-65.6,0.11343391,0.008632921
-65.5,0.1121791,0.009009536
-65.4,0.11087726,0.009374262
-65.3,0.109535314,0.009721568
-65.2,0.10813638,0.010043815
-65.1,0.10670077,0.010337465
-65.0,0.105200924,0.010595755
-64.9,0.103656806,0.0108163385
-64.8,0.10206197,0.011001143
-64.7,0.10040304,0.0111422455
-64.6,0.09868503,0.011240932
-64.5,0.09689161,0.011280384
-64.4,0.09504169,0.01125621
-64.3,0.09313537,0.0111652585
-64.2,0.09119811,0.01100022
-64.1,0.08924449,0.010780389
-64.0,0.087300055,0.010501421
-63.9,0.085380666,0.010175665
-63.8,0.083507076,0.009809848
-63.7,0.081688955,0.009404654
-63.6,0.07993373,0.008973261
-63.5,0.07825285,0.0085150795
-63.4,0.07665121,0.008062167
-63.3,0.075132735,0.007612941
-63.2,0.0737007,0.0071817986
-63.1,0.072352774,0.006777897
-63.0,0.07109388,0.0063928515
-62.9,0.06991326,0.0060399366
-62.8,0.06881359,0.005710347
-62.7,0.067778364,0.0054098973
-62.6,0.0667998,0.005138963
-62.5,0.06587404,0.004892669
-62.4,0.064989425,0.0046768207
-62.3,0.06415916,0.0044827135
-62.2,0.063364886,0.004320756
-62.1,0.06261768,0.0041978527
-62.0,0.061900526,0.0041330024
-61.9,0.061225343,0.0041334555
-61.8,0.0605866,0.0041868193
-61.7,0.059983328,0.004270561
-61.6,0.059410673,0.004361286
-61.5,0.058863834,0.0044383686
-61.4,0.058347065,0.00450055
-61.3,0.057858072,0.0045457412
-61.2,0.05740304,0.004580263
-61.1,0.05697474,0.004602922
-61.0,0.056572016,0.004613272
-60.9,0.056177635,0.0046034623
-60.8,0.055785455,0.0045740213
-60.7,0.05538072,0.004503205
-60.6,0.054964516,0.0044070026
-60.5,0.054538835,0.0042857258
-60.4,0.05411324,0.0041743834
-60.3,0.053688344,0.004075211
-60.2,0.05327172,0.00399635
-60.1,0.052855905,0.0039281035
-60.0,0.052448824,0.0038698313
-59.9,0.05203915,0.003810015
-59.8,0.051639244,0.0037515697
-59.7,0.05124155,0.0036869922
-59.6,0.050856452,0.0036169267
-59.5,0.050480895,0.0035422074
-59.4,0.05012226,0.0034725443
-59.3,0.049782973,0.0034170174
-59.2,0.049471702,0.0033787093
-59.1,0.049195357,0.003359453
-59.0,0.04896302,0.0033578302
-58.9,0.048778977,0.0033740657
-58.8,0.04865164,0.003411688
-58.7,0.04858152,0.0034663056
-58.6,0.048571832,0.0035328427
-58.5,0.048620448,0.0035992714
-58.4,0.048726056,0.0036569515
-58.3,0.048885714,0.0037000398
-58.2,0.049097404,0.003716104
-58.1,0.049351193,0.003709312
-58.0,0.049637403,0.0036655609
-57.9,0.049929306,0.0035962146
-57.8,0.050210435,0.0034894177
-57.7,0.05046038,0.0033618351
-57.6,0.05067757,0.0032090887
-57.5,0.050856784,0.0030422544
-57.4,0.050992876,0.002859861
-57.3,0.051083695,0.0026777766
-57.2,0.0511277,0.0025066778
-57.1,0.05113467,0.0023682266
-57.0,0.051104438,0.0022646962
-56.9,0.051049914,0.0022021995
-56.8,0.050977297,0.0021702838
-56.7,0.05090006,0.0021633648
-56.6,0.050821193,0.002167925
-56.5,0.050735887,0.0021742687
-56.4,0.050639853,0.0021758461
-56.3,0.050528303,0.0021692475
-56.2,0.050402597,0.002154455
-56.1,0.050264675,0.0021309312
-56.0,0.050114304,0.0021061013
-55.9,0.049961973,0.002085083
-55.8,0.049808756,0.0020806692
-55.7,0.04966415,0.0020933466
-55.6,0.04952551,0.0021293832
-55.5,0.049395617,0.0021770934
-55.4,0.04927673,0.0022346713
-55.3,0.049167182,0.0022866263
-55.2,0.04906704,0.0023351167
-55.1,0.048971813,0.0023691647
-55.0,0.04888216,0.0023959726
-54.9,0.048802335,0.0024100502
-54.8,0.04873797,0.0024162277
-54.7,0.048691146,0.0024103262
-54.6,0.048656166,0.002395658
-54.5,0.04862415,0.0023723622
-54.4,0.04859183,0.0023485566
-54.3,0.048559714,0.002330232
-54.2,0.048531093,0.002331876
-54.1,0.048507653,0.0023585893
-54.0,0.048494928,0.0024142247
-53.9,0.048488695,0.0024764373
-53.8,0.048493296,0.0025388915
-53.7,0.0485068,0.0025881752
-53.6,0.048532877,0.0026335784
-53.5,0.048570555,0.00266642
-53.4,0.048612453,0.002686075
-53.3,0.048658825,0.002688445
-53.2,0.04870824,0.002680957
-53.1,0.048765205,0.0026739566
-53.0,0.04883238,0.0026734571
-52.9,0.04889996,0.0026697032
-52.8,0.048961416,0.0026490875
-52.7,0.049006335,0.00262025
-52.6,0.049029376,0.0025918481
-52.5,0.049025748,0.0025861901
-52.4,0.049000002,0.0025928826
-52.3,0.048959758,0.0026088427
-52.2,0.048912168,0.0026151775
-52.1,0.048854113,0.0026041563
-52.0,0.04878938,0.0025746666
-51.9,0.048722785,0.0025353208
-51.8,0.048662845,0.002497783
-51.7,0.04861355,0.0024783455
-51.6,0.04857502,0.002483829
-51.5,0.048540913,0.0025181482
-51.4,0.04850467,0.0025699553
-51.3,0.048461165,0.0026321213
-51.2,0.048415303,0.002698845
-51.1,0.048372585,0.0027608844
-51.0,0.048337456,0.002821277
-50.9,0.04830761,0.0028857465
-50.8,0.04828016,0.0029733882
-50.7,0.048252605,0.0030705456
-50.6,0.048225325,0.0031475283
-50.5,0.04819903,0.003179393
-50.4,0.04817009,0.0031442598
-50.3,0.048145488,0.0030763855
-50.2,0.048129518,0.0029967814
-50.1,0.048138022,0.0029568053
-50.0,0.048167698,0.0029583147
-49.9,0.048218943,0.0029990748
-49.8,0.048274927,0.0030505806
-49.7,0.04833431,0.003087225
-49.6,0.048392482,0.0030973398
-49.5,0.048456986,0.003091571
-49.4,0.04854043,0.0030816116
-49.3,0.04866057,0.0030787908
-49.2,0.04883286,0.0030840486
-49.1,0.04906161,0.0030947018
-49.0,0.049342874,0.003116224
-48.9,0.04966925,0.0031507565
-48.8,0.05002822,0.003205425
-48.7,0.050405245,0.003270928
-48.6,0.050780423,0.0033364543
-48.5,0.051130388,0.0033899008
-48.4,0.051435642,0.003420753
-48.3,0.05168987,0.0034231234
-48.2,0.051905658,0.0034039142
-48.1,0.052099258,0.0033746823
-48.0,0.052282445,0.0033493019
-47.9,0.05244815,0.003340775
-47.8,0.052581847,0.0033556286
-47.7,0.052672677,0.0034001726
-47.6,0.052714963,0.0034690471
-47.5,0.05272011,0.0035492175
-47.4,0.05270324,0.0036331483
-47.3,0.05268598,0.0037109642
-47.2,0.0526762,0.003783932
-47.1,0.05266958,0.0038513322
-47.0,0.05265717,0.0039160457
-46.9,0.052631494,0.0039812443
-46.8,0.05259126,0.0040402208
-46.7,0.052534122,0.004092453
-46.6,0.052456867,0.0041384962
-46.5,0.052359164,0.004181911
-46.4,0.05224484,0.004215231
-46.3,0.05211971,0.004228056
-46.2,0.051988207,0.0042145387
-46.1,0.051849943,0.004177436
-46.0,0.0517075,0.0041237883
-45.9,0.051559843,0.004061542
-45.8,0.051409453,0.0039986065
-45.7,0.051260695,0.003937996
-45.6,0.05112507,0.0038843453
-45.5,0.051015496,0.003838748
-45.4,0.05093841,0.003808576
-45.3,0.05089283,0.0037958524
-45.2,0.050876427,0.0038055244
-45.1,0.05088239,0.0038245337
-45.0,0.050901003,0.0038465378
-44.9,0.050916065,0.0038594112
-44.8,0.050914936,0.0038661147
-44.7,0.050888404,0.0038762589
-44.6,0.050834,0.0039014965
-44.5,0.05075228,0.003935544
-44.4,0.05064902,0.0039523784
-44.3,0.05053035,0.0039298073
-44.2,0.050408535,0.003858809
-44.1,0.050295975,0.0037618964
-44.0,0.05019595,0.003662055
-43.9,0.05009356,0.0035812417
-43.8,0.049960617,0.003518011
-43.7,0.049785536,0.003468348
-43.6,0.04956719,0.003414527
-43.5,0.049326926,0.003340658
-43.4,0.04907586,0.003240699
-43.3,0.048838,0.0031351498
-43.2,0.04863056,0.0030483392
-43.1,0.04846344,0.0029936417
-43.0,0.048332077,0.0029698545
-42.9,0.04822529,0.0029579692
-42.8,0.04814027,0.0029484045
-42.7,0.04807624,0.0029432902
-42.6,0.048038054,0.0029473654
-42.5,0.04802857,0.0029683427
-42.4,0.048054837,0.003008096
-42.3,0.04811736,0.0030697698
-42.2,0.048215497,0.003142706
-42.1,0.04834576,0.0032392861
-42.0,0.04850022,0.0033728776
-41.9,0.048670657,0.0035520617
-41.8,0.048834898,0.0037364096
-41.7,0.04898403,0.0038853681
-41.6,0.049111515,0.0039621214
-41.5,0.04922772,0.0039654053
-41.4,0.049334507,0.0039030623
-41.3,0.04943762,0.0038106448
-41.2,0.04953262,0.003711197
-41.1,0.04961518,0.0036109248
-41.0,0.04967792,0.0035030278
-40.9,0.049722955,0.003381758
-40.8,0.049761713,0.003263866
-40.7,0.04979767,0.0031508675
-40.6,0.049837638,0.0030496838
-40.5,0.049885944,0.0029598924
-40.4,0.049944635,0.0028889452
-40.3,0.050022576,0.0028507232
-40.2,0.05012739,0.0028513726
-40.1,0.050274037,0.0028866595
-40.0,0.05046502,0.0029352137
-39.9,0.050692394,0.002986701
-39.8,0.050945926,0.0030369929
-39.7,0.051212233,0.0030843783
-39.6,0.05148679,0.0031155455
-39.5,0.05176303,0.0031273398
-39.4,0.052042484,0.0031351433
-39.3,0.052320797,0.0031632003
-39.2,0.052596502,0.0032049555
-39.1,0.052864674,0.0032427297
-39.0,0.05311615,0.0032557969
-38.9,0.053347882,0.003243782
-38.8,0.05356376,0.003226718
-38.7,0.0537825,0.0032533228
-38.6,0.05402586,0.0033798246
-38.5,0.054309174,0.0036373332
-38.4,0.054629743,0.00401062
-38.3,0.05498259,0.004468631
-38.2,0.05536004,0.0049879435
-38.1,0.0557644,0.0055522155
-38.0,0.056191497,0.006162281
-37.9,0.05663572,0.006808344
-37.8,0.05708044,0.007462571
-37.7,0.05750904,0.008072455
-37.6,0.05790436,0.0085890945
-37.5,0.058258075,0.008988776
-37.4,0.058566235,0.009269571
-37.3,0.058826774,0.009434202
-37.2,0.059034646,0.009485926
-37.1,0.059183136,0.009439968
-37.0,0.059269078,0.009319044
-36.9,0.0592954,0.009146153
-36.8,0.059260834,0.00892681
-36.7,0.05916241,0.008657005
-36.6,0.059004903,0.00832869
-36.5,0.058802944,0.007943984
-36.4,0.058572605,0.007514079
-36.3,0.05831706,0.0070459535
-36.2,0.058027897,0.0065466966
-36.1,0.057694037,0.0060225762
-36.0,0.057319276,0.0054975543
-35.9,0.056919508,0.0050027585
-35.8,0.05651416,0.0045853285
-35.7,0.056116786,0.0042775767
-35.6,0.055741012,0.0040804115
-35.5,0.05539989,0.0039620497
-35.4,0.055100616,0.003888028
-35.3,0.054850146,0.003841083
-35.2,0.054647665,0.003817521
-35.1,0.054490734,0.0038154165
-35.0,0.05437046,0.0038263274
-34.9,0.054288518,0.0038506035
-34.8,0.05424126,0.0038574215
-34.7,0.05423675,0.0038317167
-34.6,0.054272138,0.003759387
-34.5,0.054350447,0.0036678822
-34.4,0.054463055,0.003578247
-34.3,0.054598175,0.0035006606
-34.2,0.054740667,0.0034455475
-34.1,0.054879542,0.003418212
-34.0,0.055007078,0.0034243278
-33.9,0.05511986,0.0034588529
-33.8,0.05521549,0.003507002
-33.7,0.05529284,0.0035553917
-33.6,0.055353027,0.0036186562
-33.5,0.055396885,0.0037214055
-33.4,0.05543269,0.003864449
-33.3,0.055469874,0.0040002177
-33.2,0.055517755,0.0040843138
-33.1,0.05558594,0.004105655
-33.0,0.05568349,0.004094298
-32.9,0.055813175,0.004086747
-32.8,0.05598139,0.0040993514
-32.7,0.05619622,0.004127966
-32.6,0.056481745,0.00417323
-32.5,0.056847963,0.004241956
-32.4,0.057282154,0.004336348
-32.3,0.057753738,0.0044486774
-32.2,0.058241077,0.0045655225
-32.1,0.058732353,0.0046640197
-32.0,0.059216548,0.004721474
-31.9,0.059677918,0.0047274185
-31.8,0.060097728,0.0046896157
-31.7,0.06046106,0.0046201497
-31.6,0.06076,0.004532957
-31.5,0.061007544,0.004435034
-31.4,0.06122476,0.0043308404
-31.3,0.061443217,0.004221632
-31.2,0.061688546,0.0041043707
-31.1,0.061979085,0.0039827493
-31.0,0.062308412,0.0038710013
-30.9,0.06265466,0.0037917802
-30.8,0.06299285,0.0037603786
-30.7,0.06331188,0.0037798078
-30.6,0.06360951,0.0038355428
-30.5,0.06387611,0.0039044293
-30.4,0.064098395,0.003960195
-30.3,0.0642715,0.003986752
-30.2,0.06440761,0.003984794
-30.1,0.06451371,0.003968578
-30.0,0.06458044,0.0039574895
-29.9,0.06454389,0.0039618225
-29.8,0.06444026,0.0039617578
-29.7,0.06424233,0.003962633
-29.6,0.064020805,0.0039449297
-29.5,0.063733034,0.003932478
-29.4,0.06344215,0.003932372
-29.3,0.063163266,0.0039726286
-29.2,0.06292045,0.004045038
-29.1,0.06271776,0.004128656
-29.0,0.06253838,0.0041993875
-28.9,0.062359,0.0042355442
-28.8,0.062172715,0.0042260634
-28.7,0.061984174,0.0041782316
-28.6,0.06180948,0.004115505
-28.5,0.06165731,0.0040667644
-28.4,0.061533,0.0040502516
-28.3,0.06143071,0.004071904
-28.2,0.061336752,0.004128313
-28.1,0.06124124,0.0042096702
-28.0,0.061138872,0.0042978795
-27.9,0.061047792,0.004364435
-27.8,0.060992118,0.0043946467
-27.7,0.060983993,0.0043925634
-27.6,0.061010066,0.0043830858
-27.5,0.061042648,0.0043873987
-27.4,0.061060812,0.0044157314
-27.3,0.061058253,0.0044674026
-27.2,0.061038803,0.0045309626
-27.1,0.061009545,0.0045931004
-27.0,0.06097841,0.0046392516
-26.9,0.060955036,0.0046665836
-26.8,0.060946062,0.0046802126
-26.7,0.060954258,0.004691259
-26.6,0.060989548,0.0047079492
-26.5,0.061071485,0.0047240923
-26.4,0.06122929,0.0047233813
-26.3,0.061463766,0.004702341
-26.2,0.06174238,0.0046710446
-26.1,0.062020313,0.00465358
-26.0,0.062277928,0.004666354
-25.9,0.06253097,0.004714603
-25.8,0.062812984,0.0047925855
-25.7,0.06314688,0.0048813066
-25.6,0.063541695,0.0049683796
-25.5,0.06398318,0.005049026
-25.4,0.064447805,0.0051260465
-25.3,0.06489776,0.0052033896
-25.2,0.06530591,0.0053022294
-25.1,0.06566639,0.0054275068
-25.0,0.06599706,0.0055525275
-24.9,0.06631388,0.005598458
-24.8,0.066616334,0.005562661
-24.7,0.066905886,0.005470083
-24.6,0.067184284,0.005393301
-24.5,0.06744673,0.0053642257
-24.4,0.06769342,0.005402278
-24.3,0.06793658,0.005504139
-24.2,0.06819015,0.0056415233
-24.1,0.06845185,0.0057835504
-24.0,0.06872146,0.0059021036
-23.9,0.06901447,0.005974692
-23.8,0.069373325,0.005992897
-23.7,0.069822945,0.005975453
-23.6,0.07035384,0.005955606
-23.5,0.070932545,0.005959335
-23.4,0.07152594,0.0059798486
-23.3,0.072106905,0.0059979204
-23.2,0.07266557,0.0059878156
-23.1,0.073197395,0.005944967
-23.0,0.07368605,0.0058540353
-22.9,0.074113145,0.0057048104
-22.8,0.074473,0.0055163167
-22.7,0.07478813,0.005309679
-22.6,0.07507234,0.0051130126
-22.5,0.07532194,0.004926377
-22.4,0.07553864,0.00477145
-22.3,0.07574395,0.0046705077
-22.2,0.07597535,0.0046119853
-22.1,0.07625808,0.0045581544
-22.0,0.076583825,0.004482249
-21.9,0.07692715,0.004387499
-21.8,0.077254534,0.0043097916
-21.7,0.07755825,0.004261622
-21.6,0.07785275,0.004232692
-21.5,0.07815965,0.0041933157
-21.4,0.078490935,0.004120412
-21.3,0.078839086,0.0040087113
-21.2,0.07919282,0.003866497
-21.1,0.07953527,0.0037212672
-21.0,0.079858184,0.0036037955
-20.9,0.08015622,0.0035392665
-20.8,0.080443926,0.0035392772
-20.7,0.08074134,0.0035968414
-20.6,0.08106519,0.003691636
-20.5,0.0814063,0.0037757335
-20.4,0.0817348,0.0038098965
-20.3,0.082028665,0.0037882186
-20.2,0.082275815,0.0037550505
-20.1,0.08248331,0.003746373
-20.0,0.08264782,0.003756575
-19.9,0.082769915,0.0037526917
-19.8,0.08284103,0.0037320822
-19.7,0.08286604,0.0037292817
-19.6,0.08285763,0.003781721
-19.5,0.08284229,0.0039065196
-19.4,0.0828312,0.004097465
-19.3,0.082817435,0.004337651
-19.2,0.08277464,0.004606594
-19.1,0.08269174,0.004898351
-19.0,0.08255569,0.0052157887
-18.9,0.08235692,0.0055484893
-18.8,0.08206412,0.0058527524
-18.7,0.08166222,0.006084474
-18.6,0.08113704,0.00623373
-18.5,0.0804934,0.006322872
-18.4,0.07974627,0.0063767075
-18.3,0.07892012,0.0064069736
-18.2,0.07804453,0.006419249
-18.1,0.07714873,0.006419132
-18.0,0.076258786,0.0064057205
-17.9,0.075387634,0.0063662194
-17.8,0.07454611,0.00629221
-17.7,0.07374332,0.006186989
-17.6,0.07298985,0.006068845
-17.5,0.072274834,0.005948527
-17.4,0.07158905,0.005837292
-17.3,0.07092358,0.005742839
-17.2,0.07028183,0.0056670783
-17.1,0.06965581,0.0056080394
-17.0,0.069037825,0.005565339
-16.9,0.06841522,0.005532628
-16.8,0.06778895,0.005495332
-16.7,0.06716883,0.005437289
-16.6,0.06656573,0.005357245
-16.5,0.0659864,0.0052629886
-16.4,0.06542795,0.0051619923
-16.3,0.06488894,0.0050684432
-16.2,0.064379096,0.004996467
-16.1,0.063910834,0.0049598715
-16.0,0.063500755,0.0049564294
-15.9,0.06314298,0.0049797385
-15.8,0.06282027,0.0050151637
-15.7,0.0625075,0.005054512
-15.6,0.062192976,0.0050938684
-15.5,0.061896835,0.0051395283
-15.4,0.06164808,0.0051859436
-15.3,0.061470658,0.0052265823
-15.2,0.061359245,0.005262318
-15.1,0.061306,0.0053067473
-15.0,0.06131021,0.0053724656
-14.9,0.061377592,0.0054508788
-14.8,0.06150363,0.005514905
-14.7,0.061681148,0.0055368263
-14.6,0.061906036,0.0055067115
-14.5,0.062172003,0.005435239
-14.4,0.062476374,0.005337585
-14.3,0.06280726,0.0052251946
-14.2,0.06315627,0.005110394
-14.1,0.06350258,0.0050069196
-14.0,0.06382899,0.004921656
-13.9,0.064127915,0.004853135
-13.8,0.06440034,0.004792644
-13.7,0.06464423,0.004724081
-13.6,0.064856246,0.004641666
-13.5,0.06503829,0.0045637125
-13.4,0.065208144,0.0045247325
-13.3,0.06538136,0.004542121
-13.2,0.06556419,0.0045943577
-13.1,0.065760575,0.004643188
-13.0,0.06598532,0.0046499767
-12.9,0.06625795,0.0045941877
-12.8,0.066585414,0.004487951
-12.7,0.0669567,0.0043726773
-12.6,0.067354284,0.004288182
-12.5,0.0677674,0.004244214
-12.4,0.068185195,0.004225574
-12.3,0.06860055,0.004218622
-12.2,0.06899819,0.004215292
-12.1,0.069356464,0.0042126835
-12.0,0.06965025,0.004221349
-11.9,0.06987208,0.004256912
-11.8,0.07004164,0.0043196934
-11.7,0.07018754,0.004390182
-11.6,0.070332415,0.0044468227
-11.5,0.07048281,0.004477986
-11.4,0.07063515,0.004483635
-11.3,0.07077461,0.0044786963
-11.2,0.070886485,0.004472961
-11.1,0.07095565,0.004471972
-11.0,0.070979275,0.0044705346
-10.9,0.07096144,0.004460224
-10.8,0.07091005,0.0044345316
-10.7,0.07083088,0.0043896134
-10.6,0.0707208,0.00433479
-10.5,0.07058536,0.00428155
-10.4,0.07042763,0.0042427937
-10.3,0.070254885,0.0042264536
-10.2,0.07006901,0.004221534
-10.1,0.06987009,0.0042123278
-10.0,0.06965879,0.00419592
-9.9,0.069230035,0.004413446
-9.8,0.068813324,0.0046235803
-9.7,0.06832104,0.0048646447
-9.6,0.06805482,0.0049297847
-9.5,0.0678357,0.0049578883
-9.4,0.06774148,0.0049129245
-9.3,0.06766202,0.0048211105
-9.2,0.06759189,0.004673256
-9.1,0.067534104,0.0044952743
-9.0,0.06749492,0.0043475763
-8.9,0.067485906,0.0042892895
-8.8,0.06752239,0.004344198
-8.7,0.06761848,0.004488865
-8.6,0.06779827,0.004675653
-8.5,0.06807919,0.004857702
-8.4,0.0684686,0.0050065527
-8.3,0.068949796,0.005122089
-8.2,0.069491446,0.0052000764
-8.1,0.0700654,0.005229833
-8.0,0.070665516,0.005195075
-7.9,0.071296595,0.0051034647
-7.8,0.07195204,0.0049875723
-7.7,0.07260682,0.004898838
-7.6,0.073235236,0.004863302
-7.5,0.07382423,0.004877841
-7.4,0.07437772,0.0049128938
-7.3,0.07491784,0.004957643
-7.2,0.07546021,0.0050037904
-7.1,0.07600945,0.0050524008
-7.0,0.076562256,0.0051130555
-6.9,0.077119075,0.005200076
-6.8,0.077675484,0.0053219553
-6.7,0.078223646,0.005473771
-6.6,0.078757286,0.005630215
-6.5,0.07928847,0.005762227
-6.4,0.07983141,0.005863697
-6.3,0.08041914,0.005944794
-6.2,0.08106534,0.006024297
-6.1,0.081773065,0.006110663
-6.0,0.08253702,0.0062117726
-5.9,0.08335982,0.0063370154
-5.8,0.08423815,0.0064714644
-5.7,0.08516011,0.006601743
-5.6,0.08610902,0.0067050946
-5.5,0.0870706,0.006762502
-5.4,0.088029265,0.006760791
-5.3,0.08897377,0.006697746
-5.2,0.089890756,0.0065813535
-5.1,0.09076497,0.006424077
-5.0,0.09157966,0.006231073
-4.9,0.09233006,0.0060138744
-4.8,0.09303055,0.005788734
-4.7,0.09369843,0.0055734627
-4.6,0.094353996,0.005382665
-4.5,0.094992176,0.0052278372
-4.4,0.095607355,0.005107872
-4.3,0.09619687,0.00502295
-4.2,0.096769914,0.0049621635
-4.1,0.09733814,0.004921365
-4.0,0.09789331,0.0048844824
-3.9,0.09842784,0.0048493883
-3.8,0.09893963,0.00482055
-3.7,0.09944998,0.004804089
-3.6,0.09997279,0.0048037167
-3.5,0.10052898,0.0048271986
-3.4,0.10112651,0.0048765843
-3.3,0.101782165,0.0049385205
-3.2,0.10249739,0.0049978
-3.1,0.103275,0.005053644
-3.0,0.10412069,0.00511787
-2.9,0.1050429,0.0052074264
-2.8,0.10605291,0.005330726
-2.7,0.1071546,0.005486391
-2.6,0.10835276,0.0056619295
-2.5,0.109644316,0.0058403583
-2.4,0.111004315,0.0059951697
-2.3,0.11240842,0.0061156605
-2.2,0.11383367,0.0061966907
-2.1,0.11527635,0.006238146
-2.0,0.11671936,0.0062414994
-1.9,0.11813906,0.0062157777
-1.8,0.11951773,0.006175459
-1.7,0.12083953,0.006129661
-1.6,0.122103006,0.006078275
-1.5,0.123301044,0.006027874
-1.4,0.12442674,0.005989877
-1.3,0.12546775,0.0059698825
-1.2,0.12641203,0.00596306
-1.1,0.12725306,0.005954163
-1.0,0.12799312,0.0059359553
-0.9,0.12864545,0.0059079183
-0.8,0.12921928,0.005873434
-0.7,0.1297243,0.0058484464
-0.6,0.13016866,0.0058518895
-0.5,0.13056622,0.0058841817
-0.4,0.13092469,0.005938862
-0.3,0.13124028,0.0060001216
-0.2,0.1315164,0.0060574664
-0.1,0.13175234,0.006111103
-0.0,0.13194245,0.0061573153
0.1,0.1320677,0.0061858245
0.2,0.13211344,0.0061847297
0.3,0.13208464,0.0061560674
0.4,0.1320021,0.006112183
0.5,0.1318871,0.006073424
0.6,0.13175948,0.006047757
0.7,0.13161273,0.006035337
0.8,0.1314393,0.0060269246
0.9,0.13122545,0.006011185
1.0,0.13097486,0.0059910268
1.1,0.13068406,0.0059605394
1.2,0.13033909,0.005925966
1.3,0.12994172,0.0058968673
1.4,0.1295198,0.0058780643
1.5,0.12910916,0.0058574765
1.6,0.12872356,0.005807919
1.7,0.1283529,0.005713197
1.8,0.1279791,0.005582453
1.9,0.1275915,0.005439825
2.0,0.12718658,0.005309165
2.1,0.12678064,0.005213173
2.2,0.12638725,0.0051686745
2.3,0.12600502,0.0051823845
2.4,0.12561849,0.005240866
2.5,0.1252236,0.005316479
2.6,0.12483062,0.005389939
2.7,0.12444201,0.0054536476
2.8,0.12403439,0.0055024014
2.9,0.123584725,0.0055343807
3.0,0.12310084,0.005556483
3.1,0.12261508,0.0055991574
3.2,0.12215823,0.0056892727
3.3,0.12172858,0.0058221947
3.4,0.12131816,0.005975336
3.5,0.12091665,0.006110469
3.6,0.12052319,0.006209367
3.7,0.12013413,0.006265027
3.8,0.11974298,0.0063027246
3.9,0.11935715,0.0063507147
4.0,0.11898939,0.0064168116
4.1,0.118654236,0.006499716
4.2,0.11835028,0.0066005457
4.3,0.11806443,0.006723156
4.4,0.117769256,0.006856978
4.5,0.11744327,0.00698777
4.6,0.11708405,0.007114501
4.7,0.11671102,0.007239574
4.8,0.11634161,0.0073623983
4.9,0.11597412,0.007479731
5.0,0.11560478,0.007594174
5.1,0.11523407,0.0077104648
5.2,0.11487004,0.007838308
5.3,0.11450979,0.007990516
5.4,0.114141405,0.008163783
5.5,0.11375149,0.008344449
5.6,0.113338456,0.008513342
5.7,0.112900145,0.008656335
5.8,0.112437226,0.008771303
5.9,0.11194154,0.00886312
6.0,0.11140451,0.008942265
6.1,0.1108161,0.009012739
6.2,0.11018393,0.009070879
6.3,0.10953986,0.00910724
6.4,0.10892442,0.009116862
6.5,0.108361565,0.009092816
6.6,0.107852876,0.00903768
6.7,0.10737425,0.008960745
6.8,0.1068773,0.008884678
6.9,0.10632703,0.008832157
7.0,0.10572307,0.008800153
7.1,0.10509176,0.008767934
7.2,0.10444463,0.008711041
7.3,0.10377081,0.008616815
7.4,0.103065945,0.008480963
7.5,0.10232932,0.008306782
7.6,0.101565585,0.0081111
7.7,0.10077926,0.007915007
7.8,0.099974096,0.007736119
7.9,0.09914753,0.007572853
8.0,0.098293275,0.0074193235
8.1,0.09740464,0.0072619477
8.2,0.09647229,0.007096572
8.3,0.09548442,0.0069167125
8.4,0.09444232,0.0067211823
8.5,0.093363866,0.0065123485
8.6,0.09227408,0.00629401
8.7,0.0911897,0.006057938
8.8,0.09012146,0.005809595
8.9,0.089079835,0.0055622444
9.0,0.08807744,0.005335056
9.1,0.08712213,0.0051356135
9.2,0.086217836,0.0049684267
9.3,0.08537125,0.004853399
9.4,0.084591776,0.004801475
9.5,0.08386943,0.004809647
9.6,0.083168045,0.0048470963
9.7,0.082453504,0.0048941807
9.8,0.081700966,0.0049366313
9.9,0.08090814,0.0049798884
10.0,0.080072045,0.0050124917
10.1,0.0792055,0.0050197626
10.2,0.07833169,0.004996553
10.3,0.07747743,0.0049564634
10.4,0.0766613,0.0049279747
10.5,0.07588179,0.0049262666
10.6,0.07513288,0.0049421815
10.7,0.07440901,0.004959613
10.8,0.0736982,0.0049718376
10.9,0.07297792,0.0049887537
11.0,0.07223331,0.005020756
11.1,0.0714663,0.0050726985
11.2,0.07070037,0.0051457374
11.3,0.06996498,0.0052243723
11.4,0.06928907,0.005285781
11.5,0.06868738,0.0053093694
11.6,0.06814964,0.005288346
11.7,0.0676563,0.0052338257
11.8,0.067183115,0.0051555494
11.9,0.06671748,0.0050579007
12.0,0.06625655,0.0049458775
12.1,0.06580625,0.0048231836
12.2,0.06537281,0.004696184
12.3,0.064955875,0.004566088
12.4,0.064555846,0.0044383444
12.5,0.064174116,0.0043266816
12.6,0.06381669,0.0042482815
12.7,0.063483216,0.004215945
12.8,0.06318135,0.0042290534
12.9,0.062928006,0.0042741434
13.0,0.062745154,0.004340799
13.1,0.06264615,0.00442568
13.2,0.06262315,0.004534644
13.3,0.06266367,0.004668406
13.4,0.062742904,0.00481968
13.5,0.06284262,0.0049785697
13.6,0.06295467,0.005135678
13.7,0.06308724,0.0052937614
13.8,0.06326057,0.005465844
13.9,0.06349553,0.005670229
14.0,0.06380065,0.005914865
14.1,0.06416601,0.0061938018
14.2,0.06456786,0.0064807576
14.3,0.064989455,0.0067442143
14.4,0.06542718,0.0069621378
14.5,0.065894015,0.0071401084
14.6,0.066406675,0.0072948537
14.7,0.06697945,0.0074353046
14.8,0.06761291,0.007554636
14.9,0.06830461,0.0076443143
15.0,0.06904343,0.0076905317
15.1,0.06981445,0.007685696
15.2,0.07059477,0.0076265032
15.3,0.071360976,0.0075235544
15.4,0.07210124,0.0073947567
15.5,0.072808996,0.0072526974
15.6,0.07349926,0.007112611
15.7,0.07418302,0.006976355
15.8,0.07486788,0.0068453043
15.9,0.07553976,0.006713617
16.0,0.07618611,0.006586485
16.1,0.07680479,0.006467471
16.2,0.077402525,0.00635154
16.3,0.07798672,0.006236959
16.4,0.07856327,0.0061224964
16.5,0.079129025,0.0060171494
16.6,0.07966049,0.005924903
16.7,0.08013025,0.0058583883
16.8,0.08052886,0.0058418447
16.9,0.080874905,0.005892784
17.0,0.08119846,0.0060091736
17.1,0.08152592,0.006156702
17.2,0.08187519,0.006305649
17.3,0.082241535,0.006452167
17.4,0.082609266,0.006606611
17.5,0.082956225,0.006768828
17.6,0.083268344,0.006930857
17.7,0.08353603,0.0070930594
17.8,0.083769135,0.0072462475
17.9,0.08397954,0.0073787454
18.0,0.08417064,0.00749193
18.1,0.08433255,0.007613283
18.2,0.08446856,0.007755713
18.3,0.084601745,0.0079039065
18.4,0.08475498,0.008033067
18.5,0.08493893,0.008115076
18.6,0.085143805,0.008116415
18.7,0.08533946,0.007999712
18.8,0.0854803,0.007749866
18.9,0.08551357,0.0073934095
19.0,0.085400514,0.006982171
19.1,0.08513131,0.006568523
19.2,0.08470815,0.006206632
19.3,0.0841423,0.0059194644
19.4,0.083439656,0.005680091
19.5,0.08263272,0.005438453
19.6,0.08176938,0.005179233
19.7,0.0808888,0.0049226126
19.8,0.080006,0.0046654562
19.9,0.07912515,0.004390272
20.0,0.07826103,0.0041154274
20.1,0.07744817,0.003883774
20.2,0.076718055,0.0037232272
20.3,0.07607637,0.0036407118
20.4,0.07549496,0.003613045
20.5,0.07494432,0.0036116848
20.6,0.074418604,0.0036189505
20.7,0.07393603,0.0036337457
20.8,0.073515065,0.0036567685
20.9,0.073165916,0.0036791686
21.0,0.07288611,0.0036949636
21.1,0.072651476,0.003706621
21.2,0.07242766,0.003726699
21.3,0.072158284,0.003768228
21.4,0.07176012,0.0038407869
21.5,0.07111447,0.003947528
21.6,0.07011916,0.0040697637
21.7,0.06877059,0.004153963
21.8,0.06721977,0.0041226856
21.9,0.06572182,0.0039666723
22.0,0.0645186,0.0037740723
22.1,0.06373834,0.0036507447
22.2,0.063407265,0.0036413018
22.3,0.063477956,0.0037268377
22.4,0.06385871,0.0038543954
22.5,0.06442899,0.003956664
22.6,0.06508019,0.003998139
22.7,0.065741114,0.0039803917
22.8,0.06638007,0.003935825
22.9,0.06698426,0.003896148
23.0,0.06755595,0.003884549
23.1,0.068098396,0.003911214
23.2,0.06862338,0.0039716866
23.3,0.06913415,0.0040622167
23.4,0.06962628,0.00418455
23.5,0.07008747,0.004336535
23.6,0.07051118,0.004504723
23.7,0.070892155,0.0046729236
23.8,0.071222536,0.0048380145
23.9,0.07149523,0.005004595
24.0,0.071714364,0.005166651
24.1,0.071890384,0.005311003
24.2,0.07202769,0.0054126475
24.3,0.07212637,0.0054589417
24.4,0.07218573,0.005449541
24.5,0.072207615,0.005400754
24.6,0.07219013,0.0053384546
24.7,0.07212809,0.0052792835
24.8,0.07202657,0.0052309437
24.9,0.07188583,0.005187683
25.0,0.07170802,0.005140175
25.1,0.07149195,0.005074615
25.2,0.07125599,0.0049805436
25.3,0.07102511,0.0048598335
25.4,0.070817724,0.0047325776
25.5,0.07063823,0.0046257805
25.6,0.0704849,0.004558684
25.7,0.070351325,0.004531423
25.8,0.07021971,0.0045297886
25.9,0.070079364,0.0045375912
26.0,0.06993125,0.0045477375
26.1,0.06978959,0.004564464
26.2,0.069664195,0.0045941733
26.3,0.069569714,0.004631663
26.4,0.06951898,0.0046612974
26.5,0.069515005,0.0046724225
26.6,0.06954983,0.00467133
26.7,0.06961324,0.0046706167
26.8,0.06969934,0.004666476
26.9,0.069802746,0.0046421196
27.0,0.06992044,0.0045864456
27.1,0.070048645,0.004509167
27.2,0.070182055,0.0044338023
27.3,0.07032291,0.004375444
27.4,0.07048002,0.004343911
27.5,0.07066446,0.0043316805
27.6,0.07087914,0.0043326216
27.7,0.071120284,0.0043365313
27.8,0.071381174,0.0043390905
27.9,0.0716639,0.0043351087
28.0,0.07197183,0.0043223402
28.1,0.07230513,0.004289126
28.2,0.0726504,0.0042282636
28.3,0.072994076,0.0041353297
28.4,0.07333131,0.0040247533
28.5,0.07365751,0.003919173
28.6,0.073961936,0.003833727
28.7,0.07422796,0.0037710723
28.8,0.0744331,0.0037241841
28.9,0.07456086,0.0036892374
29.0,0.07460214,0.0036547983
29.1,0.07456711,0.0036163852
29.2,0.07447757,0.0035780782
29.3,0.07435272,0.0035429536
29.4,0.07420649,0.0035092058
29.5,0.07403993,0.0034586056
29.6,0.073846854,0.0033906412
29.7,0.07361895,0.0033118299
29.8,0.07335417,0.003241696
29.9,0.07305426,0.003201824
30.0,0.07273333,0.0031934464
30.1,0.072413266,0.0032072908
30.2,0.07211744,0.0032320346
30.3,0.07185538,0.0032665282
30.4,0.07161208,0.0033179685
30.5,0.071356766,0.0033930338
30.6,0.07106818,0.0034903933
30.7,0.07074792,0.0035965636
30.8,0.07041864,0.003697196
30.9,0.070095986,0.0037798986
31.0,0.0697872,0.0038414293
31.1,0.069497384,0.0038904452
31.2,0.06923202,0.003941521
31.3,0.06900001,0.0040075635
31.4,0.06879996,0.0040832716
31.5,0.06862451,0.0041469927
31.6,0.06845711,0.0041809017
31.7,0.06829379,0.004185064
31.8,0.06813512,0.0041710963
31.9,0.06799051,0.00414517
32.0,0.06786772,0.0041077607
32.1,0.06776289,0.004059687
32.2,0.06766648,0.004009549
32.3,0.06756102,0.003968132
32.4,0.067441545,0.0039509996
32.5,0.06722898,0.0039198883
32.6,0.06698992,0.0038862536
32.7,0.066716164,0.0038177953
32.8,0.06648789,0.0037597448
32.9,0.066225454,0.003672195
33.0,0.0659382,0.0035852192
33.1,0.065645866,0.003522396
33.2,0.06536392,0.0035028663
33.3,0.065105975,0.0035192678
33.4,0.06488251,0.0035582401
33.5,0.06470104,0.0035936825
33.6,0.06456453,0.0036141402
33.7,0.06446434,0.0036230942
33.8,0.06439238,0.0036326158
33.9,0.06434144,0.0036429043
34.0,0.06430868,0.0036195149
34.1,0.06428834,0.0035405837
34.2,0.06428083,0.0034141326
34.3,0.06429156,0.0032856031
34.4,0.06433049,0.0031886057
34.5,0.06440695,0.0031260252
34.6,0.064520754,0.003084837
34.7,0.064663984,0.0030551802
34.8,0.06481866,0.0030268466
34.9,0.06497781,0.0029958333
35.0,0.0651405,0.0029659313
35.1,0.06530573,0.0029469542
35.2,0.06546646,0.0029413113
35.3,0.06561862,0.0029388883
35.4,0.06576635,0.002933729
35.5,0.06592102,0.0029238525
35.6,0.06608416,0.0029140343
35.7,0.066252925,0.0029069984
35.8,0.06641705,0.0029088112
35.9,0.06657258,0.0029256318
36.0,0.06671328,0.0029635455
36.1,0.066839345,0.003033284
36.2,0.06695472,0.0031363978
36.3,0.06707058,0.0032635196
36.4,0.067194544,0.0034020562
36.5,0.06732766,0.0035417145
36.6,0.067471355,0.0036790313
36.7,0.06761652,0.0038143205
36.8,0.06774673,0.00395191
36.9,0.06784244,0.0040970184
37.0,0.06788907,0.0042500864
37.1,0.067884356,0.0044004465
37.2,0.06783008,0.0045393095
37.3,0.06773577,0.0046560587
37.4,0.06761154,0.0047357986
37.5,0.06747368,0.004775879
37.6,0.06732953,0.0047789863
37.7,0.06718017,0.004756087
37.8,0.06701062,0.004702156
37.9,0.06680851,0.004615786
38.0,0.066567555,0.0045037293
38.1,0.066277154,0.004382962
38.2,0.06592879,0.0042687566
38.3,0.06551166,0.004170432
38.4,0.06501948,0.0040877583
38.5,0.06445168,0.004018898
38.6,0.063817844,0.0039605326
38.7,0.06312879,0.00391841
38.8,0.062401563,0.003882
38.9,0.061648488,0.0038425548
39.0,0.06089514,0.003783962
39.1,0.060155936,0.0037149258
39.2,0.059444238,0.0036526008
39.3,0.05876668,0.0036169721
39.4,0.058137875,0.0036178736
39.5,0.057564843,0.0036484078
39.6,0.057051934,0.0037023593
39.7,0.056599904,0.0037689619
39.8,0.056210503,0.0038385687
39.9,0.05589338,0.0039022022
40.0,0.055645887,0.0039472966
40.1,0.055465933,0.0039758906
40.2,0.055341642,0.003995329
40.3,0.05527085,0.00401238
40.4,0.05524293,0.0040240767
40.5,0.055247914,0.004026092
40.6,0.05527344,0.0040179146
40.7,0.055308167,0.0039972
40.8,0.055337492,0.00396975
40.9,0.055341672,0.003940795
41.0,0.055317163,0.0039292593
41.1,0.05526427,0.0039433385
41.2,0.055195846,0.003985785
41.3,0.055106957,0.004044263
41.4,0.05498989,0.004111106
41.5,0.05482321,0.004174747
41.6,0.054607034,0.004236768
41.7,0.054343954,0.004295513
41.8,0.05405126,0.0043561975
41.9,0.05373814,0.0044032848
42.0,0.05341875,0.004424354
42.1,0.053095866,0.004406306
42.2,0.05277038,0.0043558776
42.3,0.05243953,0.0042842943
42.4,0.05210196,0.004207641
42.5,0.05177634,0.004119187
42.6,0.051438477,0.0040356424
42.7,0.051090553,0.0039602187
42.8,0.050699912,0.003901187
42.9,0.05030576,0.0038572683
43.0,0.049915537,0.0038379068
43.1,0.049535956,0.0038428456
43.2,0.049175266,0.0038622387
43.3,0.04883461,0.0038893025
43.4,0.048520673,0.0039156303
43.5,0.04823724,0.0039473693
43.6,0.047992304,0.003977268
43.7,0.047782097,0.003997875
43.8,0.047600463,0.0040032705
43.9,0.04743901,0.0039940425
44.0,0.047298513,0.0039766617
44.1,0.0471829,0.0039538885
44.2,0.047097147,0.0039242813
44.3,0.047034957,0.0038918091
44.4,0.046990093,0.0038602569
44.5,0.04695326,0.0038273705
44.6,0.046923663,0.0037978513
44.7,0.04689427,0.0037670047
44.8,0.04687084,0.0037448253
44.9,0.04684614,0.0037348398
45.0,0.046820205,0.003738499
45.1,0.046782125,0.003751837
45.2,0.0467351,0.0037631309
45.3,0.046677347,0.0037707025
45.4,0.046611696,0.0037742453
45.5,0.046539705,0.0037839178
45.6,0.046466984,0.003794562
45.7,0.046398863,0.0038036455
45.8,0.046338696,0.0037910833
45.9,0.04628665,0.0037636803
46.0,0.04623766,0.0037190237
46.1,0.046191182,0.0036680985
46.2,0.046142172,0.003613059
46.3,0.046092723,0.0035606823
46.4,0.04604005,0.0035152372
46.5,0.0459993,0.0034774193
46.6,0.0459772,0.0034471345
46.7,0.04598369,0.0034228333
46.8,0.04601655,0.0034022655
46.9,0.04607212,0.0033814393
47.0,0.04614589,0.0033600247
47.1,0.046229515,0.0033398203
47.2,0.046319224,0.0033294975
47.3,0.046414733,0.003335574
47.4,0.04651771,0.0033544733
47.5,0.04663178,0.0033830754
47.6,0.04675183,0.0034071407
47.7,0.046870872,0.0034220493
47.8,0.046980344,0.0034261872
47.9,0.047072116,0.003420857
48.0,0.047144696,0.0034097366
48.1,0.04720431,0.0033870598
48.2,0.04726437,0.0033543091
48.3,0.04733879,0.003320636
48.4,0.04743003,0.0032911575
48.5,0.047535565,0.0032722165
48.6,0.047643133,0.0032545512
48.7,0.04774665,0.0032340738
48.8,0.047843482,0.0032096966
48.9,0.04793956,0.0031901954
49.0,0.048032377,0.0031778568
49.1,0.04812639,0.0031785099
49.2,0.048214022,0.00317829
49.3,0.048299048,0.003178204
49.4,0.04837559,0.003172538
49.5,0.04845554,0.003175012
49.6,0.04854698,0.0031977857
49.7,0.048664182,0.0032491765
49.8,0.048810184,0.0033343167
49.9,0.048983466,0.0034463422
50.0,0.049174823,0.0035842254
50.1,0.049372308,0.0037276554
50.2,0.04956522,0.0038708327
50.3,0.049745936,0.0039924053
50.4,0.04991776,0.004097215
50.5,0.05008394,0.0041825143
50.6,0.050253954,0.0042634383
50.7,0.050430574,0.0043448536
50.8,0.05062363,0.0044345874
50.9,0.05083488,0.0045308084
51.0,0.05106416,0.0046337377
51.1,0.05131336,0.0047345445
51.2,0.051571697,0.004829524
51.3,0.051842503,0.0049135387
51.4,0.052114345,0.0049889795
51.5,0.05239003,0.005060797
51.6,0.052665044,0.0051297406
51.7,0.052935787,0.0052024857
51.8,0.053206887,0.0052676555
51.9,0.053473793,0.0053269193
52.0,0.05374145,0.0053530084
52.1,0.054007456,0.005354574
52.2,0.05427383,0.005324155
52.3,0.054540798,0.005290566
52.4,0.054805614,0.0052633365
52.5,0.05507131,0.005261396
52.6,0.05533692,0.00527781
52.7,0.055607952,0.0053084646
52.8,0.055884883,0.005332116
52.9,0.056171913,0.0053441226
53.0,0.05646788,0.0053446447
53.1,0.056770787,0.0053404095
53.2,0.057077352,0.0053378083
53.3,0.057384245,0.0053349654
53.4,0.057692554,0.0053309198
53.5,0.05800418,0.0053274794
53.6,0.058324598,0.005326079
53.7,0.058657575,0.005331584
53.8,0.059003484,0.005342476
53.9,0.059363734,0.0053609237
54.0,0.059731644,0.005386536
54.1,0.060108922,0.0054234816
54.2,0.06048771,0.005460788
54.3,0.060868032,0.0054915426
54.4,0.061241295,0.0055053085
54.5,0.061605778,0.005492656
54.6,0.061956976,0.0054622046
54.7,0.062287554,0.0054080207
54.8,0.062597506,0.0053504286
54.9,0.0628798,0.0052889553
55.0,0.0631444,0.005246151
55.1,0.06339492,0.0052353963
55.2,0.06364483,0.0052704765
55.3,0.06389553,0.005340596
55.4,0.0641499,0.0054311524
55.5,0.064408906,0.0055187084
55.6,0.06467142,0.0055905418
55.7,0.0649338,0.005642456
55.8,0.0651937,0.005675707
55.9,0.06544929,0.005701626
56.0,0.06570695,0.005721842
56.1,0.065967605,0.0057353936
56.2,0.06624217,0.005744799
56.3,0.06653373,0.0057405704
56.4,0.066849455,0.005731325
56.5,0.067186415,0.0057104384
56.6,0.06754356,0.005689252
56.7,0.067910925,0.005661308
56.8,0.06828912,0.00563108
56.9,0.068664886,0.0055979826
57.0,0.06903984,0.0055600177
57.1,0.06939975,0.005524485
57.2,0.06974755,0.00549595
57.3,0.070077926,0.0054887766
57.4,0.07039945,0.005501966
57.5,0.07071056,0.0055378433
57.6,0.071018815,0.005586305
57.7,0.07131844,0.0056408546
57.8,0.0716121,0.0056886235
57.9,0.071890995,0.0057227463
58.0,0.07215717,0.0057314634
58.1,0.072414316,0.0057145287
58.2,0.07267204,0.005678515
58.3,0.07293632,0.0056320815
58.4,0.073206134,0.0055821463
58.5,0.073485516,0.0055336407
58.6,0.073769435,0.0054862495
58.7,0.07406228,0.005436615
58.8,0.074358106,0.0053791413
58.9,0.07466626,0.005309256
59.0,0.07498167,0.005229348
59.1,0.07531485,0.0051352824
59.2,0.075655855,0.00503513
59.3,0.076012306,0.004923926
59.4,0.07637113,0.004810477
59.5,0.07674401,0.0046986435
59.6,0.077127084,0.004592401
59.7,0.07753,0.0044980654
59.8,0.07795351,0.0044108154
59.9,0.07839516,0.0043336237
60.0,0.07885871,0.0042592324
60.1,0.07933123,0.0041866424
60.2,0.07981859,0.0041116904
60.3,0.08031099,0.0040456266
60.4,0.080821685,0.0039872895
60.5,0.081338845,0.003938819
60.6,0.08186649,0.0038960108
60.7,0.08240317,0.003858979
60.8,0.082944125,0.0038258934
60.9,0.08349203,0.0037852924
61.0,0.08403172,0.0037417621
61.1,0.08457547,0.0036877824
61.2,0.085111715,0.0036307685
61.3,0.085649155,0.0035706845
61.4,0.08618491,0.0035167264
61.5,0.08672037,0.0034726558
61.6,0.08725688,0.0034374567
61.7,0.08778237,0.0034153322
61.8,0.08830174,0.0034033605
61.9,0.0888084,0.0034099044
62.0,0.08931258,0.0034231138
62.1,0.08981544,0.0034532645
62.2,0.090318255,0.0034992613
62.3,0.0908267,0.0035566492
62.4,0.09133717,0.003627732
62.5,0.09185974,0.0037046266
62.6,0.0923925,0.0037880922
62.7,0.092938684,0.003868554
62.8,0.09349514,0.0039486196
62.9,0.094054386,0.0040327404
63.0,0.09462567,0.004127246
63.1,0.09520208,0.0042315805
63.2,0.0957979,0.0043421076
63.3,0.09640977,0.0044686995
63.4,0.09703871,0.004607897
63.5,0.09769508,0.004757622
63.6,0.09837562,0.0049213916
63.7,0.0990978,0.0050851046
63.8,0.09985786,0.0052455226
63.9,0.100652024,0.0053984295
64.0,0.1014873,0.005543534
64.1,0.10236331,0.0056800726
64.2,0.10328378,0.005788882
64.3,0.10424208,0.0058746752
64.4,0.10523674,0.0059383423
64.5,0.10627467,0.005976236
64.6,0.107344784,0.005994705
64.7,0.10845448,0.0059901928
64.8,0.10959539,0.005957314
64.9,0.110758774,0.005900199
65.0,0.111939505,0.0058298237
65.1,0.11313168,0.005749218
65.2,0.114340544,0.0056512603
65.3,0.115549095,0.005554655
65.4,0.11675019,0.005460951
65.5,0.1179482,0.0053705513
65.6,0.11912894,0.0052680345
65.7,0.12028068,0.005148133
65.8,0.121405184,0.005018454
65.9,0.12250528,0.004894966
66.0,0.12358831,0.004782404
66.1,0.12464724,0.004688661
66.2,0.12568577,0.004614178
66.3,0.12671405,0.004561152
66.4,0.12772153,0.004530221
66.5,0.12870255,0.0045110136
66.6,0.12966573,0.0044961995
66.7,0.1306082,0.004493707
66.8,0.1315395,0.0044908677
66.9,0.13246024,0.0044948473
67.0,0.13336973,0.00449988
67.1,0.13427496,0.004502587
67.2,0.13517301,0.0045028636
67.3,0.13606496,0.004500663
67.4,0.13695836,0.0045037675
67.5,0.13785349,0.0045111007
67.6,0.13875197,0.004515179
67.7,0.13964747,0.0045229685
67.8,0.14053011,0.004544873
67.9,0.14140955,0.004567301
68.0,0.14229055,0.0045933896
68.1,0.14316903,0.0046210242
68.2,0.14404832,0.0046458044
68.3,0.14492998,0.00467565
68.4,0.14581563,0.004709701
68.5,0.14670633,0.0047435793
68.6,0.14759883,0.004779119
68.7,0.148494,0.0048141466
68.8,0.14939728,0.0048497296
68.9,0.15030967,0.004884265
69.0,0.15122733,0.0049102823
69.1,0.15215373,0.004933363
69.2,0.15309018,0.00495627
69.3,0.15403639,0.004973606
69.4,0.15499313,0.004986738
69.5,0.15596028,0.0050048106
69.6,0.15693633,0.0050180526
69.7,0.15792364,0.005034946
69.8,0.15892424,0.005060498
69.9,0.15993768,0.0050887144
70.0,0.16096546,0.005127317
70.1,0.1620096,0.005173966
70.2,0.16307265,0.005221667
70.3,0.16415605,0.005276247
70.4,0.16525753,0.005340052
70.5,0.16638091,0.005395448
70.6,0.16752847,0.0054524583
70.7,0.1687,0.0055154935
70.8,0.16988884,0.005579691
70.9,0.1710969,0.005643687
71.0,0.17232756,0.0057123373
71.1,0.17358194,0.005769104
71.2,0.17485492,0.005831413
71.3,0.17614272,0.005899681
71.4,0.1774459,0.005960944
71.5,0.17876667,0.0060230377
71.6,0.18010464,0.0060887197
71.7,0.18146054,0.00614987
71.8,0.18283123,0.0062136627
71.9,0.18421818,0.006280681
72.0,0.18562222,0.006332794
72.1,0.18703787,0.0063827625
72.2,0.1884693,0.00643875
72.3,0.18992633,0.006490326
72.4,0.19139849,0.0065390924
72.5,0.19288824,0.0065892404
72.6,0.19440755,0.006632948
72.7,0.1959366,0.006681961
72.8,0.19748676,0.0067422027
72.9,0.19905785,0.0068043647
73.0,0.20065038,0.006851246
73.1,0.2022611,0.006899072
73.2,0.20389344,0.006957233
73.3,0.20555069,0.0070046666
73.4,0.20722626,0.0070580905
73.5,0.20892204,0.0071194847
73.6,0.21064457,0.0071690315
73.7,0.21238542,0.0072233137
73.8,0.21414293,0.0072839865
73.9,0.21594425,0.007336498
74.0,0.21775237,0.0073959045
74.1,0.21958691,0.007468838
74.2,0.2214479,0.0075598224
74.3,0.2233385,0.007635375
74.4,0.22525313,0.0077204
74.5,0.22718509,0.007803212
74.6,0.22902384,0.0077340733
74.7,0.23077707,0.007586035
74.8,0.2323823,0.0073266933
74.9,0.2339351,0.006993307
75.0,0.23536965,0.0065762885
75.1,0.23675777,0.006111256
75.2,0.23813108,0.0056325174
75.3,0.23952663,0.0051107937
75.4,0.24093756,0.0045869714
75.5,0.24231592,0.0040812665
75.6,0.24351913,0.0034544307
75.7,0.24431027,0.0029156166
75.8,0.24489528,0.0023717417
75.9,nan,nan
76.0,nan,nan
76.1,nan,nan
76.2,nan,nan
76.3,nan,nan
76.4,nan,nan
76.5,nan,nan
76.6,nan,nan
76.7,nan,nan
76.8,nan,nan
76.9,nan,nan
77.0,nan,nan
77.1,nan,nan
77.2,nan,nan
77.3,nan,nan
77.4,nan,nan
77.5,nan,nan
77.6,nan,nan
77.7,nan,nan
77.8,nan,nan
77.9,nan,nan
78.0,nan,nan
78.1,nan,nan
78.2,nan,nan
78.3,nan,nan
78.4,nan,nan
78.5,nan,nan
78.6,nan,nan
78.7,nan,nan
78.8,nan,nan
78.9,nan,nan
79.0,nan,nan
79.1,nan,nan
79.2,nan,nan
79.3,nan,nan
79.4,nan,nan
79.5,nan,nan
79.6,nan,nan
79.7,nan,nan
79.8,nan,nan
79.9,nan,nan
80.0,nan,nan
80.1,nan,nan
80.2,nan,nan
80.3,nan,nan
80.4,nan,nan
80.5,nan,nan
80.6,nan,nan
80.7,nan,nan
80.8,nan,nan
80.9,nan,nan
81.0,nan,nan
81.1,nan,nan
81.2,nan,nan
81.3,nan,nan
81.4,nan,nan
81.5,nan,nan
81.6,nan,nan
81.7,nan,nan
81.8,nan,nan
81.9,nan,nan
82.0,nan,nan
82.1,nan,nan
82.2,nan,nan
82.3,nan,nan
82.4,nan,nan
82.5,nan,nan
82.6,nan,nan
82.7,nan,nan
82.8,nan,nan
82.9,nan,nan
83.0,nan,nan
83.1,nan,nan
83.2,nan,nan
83.3,nan,nan
83.4,nan,nan
83.5,nan,nan
83.6,nan,nan
83.7,nan,nan
83.8,nan,nan
83.9,nan,nan
84.0,nan,nan
84.1,nan,nan
84.2,nan,nan
84.3,nan,nan
84.4,nan,nan
84.5,nan,nan
84.6,nan,nan
84.7,nan,nan
84.8,nan,nan
84.9,nan,nan
85.0,nan,nan
85.1,nan,nan
85.2,nan,nan
85.3,nan,nan
85.4,nan,nan
85.5,nan,nan
85.6,nan,nan
85.7,nan,nan
85.8,nan,nan
85.9,nan,nan
86.0,nan,nan
86.1,nan,nan
86.2,nan,nan
86.3,nan,nan
86.4,nan,nan
86.5,nan,nan
86.6,nan,nan
86.7,nan,nan
86.8,nan,nan
86.9,nan,nan
87.0,nan,nan
87.1,nan,nan
87.2,nan,nan
87.3,nan,nan
87.4,nan,nan
87.5,nan,nan
87.6,nan,nan
87.7,nan,nan
87.8,nan,nan
87.9,nan,nan
88.0,nan,nan
88.1,nan,nan
88.2,nan,nan
88.3,nan,nan
88.4,nan,nan
88.5,nan,nan
88.6,nan,nan
88.7,nan,nan
88.8,nan,nan
88.9,nan,nan
89.0,nan,nan
89.1,nan,nan
89.2,nan,nan
89.3,nan,nan
89.4,nan,nan
89.5,nan,nan
89.6,nan,nan
89.7,nan,nan
89.8,nan,nan
89.9,nan,nan
90.0,nan,nan
