PC_Latitude,I/F,Error
-90.0,nan,nan
-89.9,nan,nan
-89.8,nan,nan
-89.7,nan,nan
-89.6,nan,nan
-89.5,nan,nan
-89.4,nan,nan
-89.3,nan,nan
-89.2,nan,nan
-89.1,nan,nan
-89.0,nan,nan
-88.9,nan,nan
-88.8,nan,nan
-88.7,nan,nan
-88.6,nan,nan
-88.5,nan,nan
-88.4,nan,nan
-88.3,nan,nan
-88.2,nan,nan
-88.1,nan,nan
-88.0,nan,nan
-87.9,nan,nan
-87.8,nan,nan
-87.7,nan,nan
-87.6,nan,nan
-87.5,nan,nan
-87.4,nan,nan
-87.3,nan,nan
-87.2,nan,nan
-87.1,nan,nan
-87.0,nan,nan
-86.9,nan,nan
-86.8,nan,nan
-86.7,nan,nan
-86.6,nan,nan
-86.5,nan,nan
-86.4,nan,nan
-86.3,nan,nan
-86.2,nan,nan
-86.1,nan,nan
-86.0,nan,nan
-85.9,nan,nan
-85.8,nan,nan
-85.7,nan,nan
-85.6,nan,nan
-85.5,nan,nan
-85.4,nan,nan
-85.3,nan,nan
-85.2,nan,nan
-85.1,nan,nan
-85.0,nan,nan
-84.9,nan,nan
-84.8,nan,nan
-84.7,nan,nan
-84.6,nan,nan
-84.5,nan,nan
-84.4,nan,nan
-84.3,nan,nan
-84.2,nan,nan
-84.1,nan,nan
-84.0,nan,nan
-83.9,nan,nan
-83.8,nan,nan
-83.7,nan,nan
-83.6,nan,nan
-83.5,nan,nan
-83.4,nan,nan
-83.3,nan,nan
-83.2,nan,nan
-83.1,nan,nan
-83.0,nan,nan
-82.9,nan,nan
-82.8,nan,nan
-82.7,nan,nan
-82.6,nan,nan
-82.5,nan,nan
-82.4,nan,nan
-82.3,nan,nan
-82.2,nan,nan
-82.1,nan,nan
-82.0,nan,nan
-81.9,nan,nan
-81.8,nan,nan
-81.7,nan,nan
-81.6,nan,nan
-81.5,nan,nan
-81.4,nan,nan
-81.3,nan,nan
-81.2,nan,nan
-81.1,nan,nan
-81.0,nan,nan
-80.9,nan,nan
-80.8,nan,nan
-80.7,nan,nan
-80.6,nan,nan
-80.5,nan,nan
-80.4,nan,nan
-80.3,nan,nan
-80.2,nan,nan
-80.1,nan,nan
-80.0,nan,nan
-79.9,nan,nan
-79.8,nan,nan
-79.7,0.34066197,0.008052006
-79.6,0.3384621,0.008644909
-79.5,0.33676338,0.009038687
-79.4,0.3345612,0.009253567
-79.3,0.33239228,0.009473959
-79.2,0.330297,0.009723669
-79.1,0.3282275,0.0100251725
-79.0,0.32612318,0.010411577
-78.9,0.32391974,0.010779203
-78.8,0.32169047,0.011129972
-78.7,0.31952435,0.011505687
-78.6,0.31740618,0.011961833
-78.5,0.31531644,0.0124411415
-78.4,0.31326288,0.012891806
-78.3,0.31107414,0.013204857
-78.2,0.30866504,0.013296133
-78.1,0.30605513,0.013125787
-78.0,0.3033837,0.012892898
-77.9,0.30074114,0.012691933
-77.8,0.29810485,0.012502749
-77.7,0.29553172,0.012310196
-77.6,0.29299212,0.012141906
-77.5,0.290476,0.012005559
-77.4,0.2880031,0.011895115
-77.3,0.28556553,0.011821052
-77.2,0.28316492,0.011775138
-77.1,0.28081265,0.011734026
-77.0,0.27849245,0.011730395
-76.9,0.27620044,0.01175283
-76.8,0.27395266,0.01176705
-76.7,0.2717775,0.011790312
-76.6,0.26965684,0.011829858
-76.5,0.26755852,0.011885543
-76.4,0.26550388,0.011943164
-76.3,0.2634947,0.011993472
-76.2,0.26152918,0.012037531
-76.1,0.25961053,0.012073953
-76.0,0.25771788,0.012136384
-75.9,0.25584942,0.012201131
-75.8,0.25402245,0.012249427
-75.7,0.25223112,0.012293087
-75.6,0.2504727,0.01234134
-75.5,0.24873887,0.0123881
-75.4,0.24703191,0.012429485
-75.3,0.24534935,0.0124445455
-75.2,0.24369317,0.01242578
-75.1,0.2420583,0.012405855
-75.0,0.24043725,0.012391907
-74.9,0.23882444,0.01235877
-74.8,0.2372199,0.012322969
-74.7,0.23562428,0.012286546
-74.6,0.23403527,0.012254028
-74.5,0.23244901,0.012232714
-74.4,0.23085992,0.012221556
-74.3,0.22927009,0.012215214
-74.2,0.2276976,0.012211524
-74.1,0.22613707,0.012208262
-74.0,0.22458556,0.0121921105
-73.9,0.22304769,0.012174441
-73.8,0.2215244,0.0121600665
-73.7,0.22002374,0.012133005
-73.6,0.21853994,0.012095922
-73.5,0.21707478,0.012052188
-73.4,0.21562316,0.012009963
-73.3,0.21418314,0.011969497
-73.2,0.21275996,0.011924576
-73.1,0.21134895,0.01186984
-73.0,0.2099449,0.011824897
-72.9,0.20854421,0.011783596
-72.8,0.20714545,0.011738411
-72.7,0.20574991,0.011691553
-72.6,0.20436023,0.011651668
-72.5,0.20297137,0.011593622
-72.4,0.20158467,0.011520177
-72.3,0.20020355,0.011427803
-72.2,0.19882835,0.011335638
-72.1,0.19746894,0.011253577
-72.0,0.19612703,0.011182424
-71.9,0.1948008,0.011124068
-71.8,0.19348155,0.011078584
-71.7,0.1921718,0.011039213
-71.6,0.19086643,0.011004792
-71.5,0.1895754,0.010978961
-71.4,0.18829517,0.010949695
-71.3,0.1870195,0.010919847
-71.2,0.18575414,0.01088881
-71.1,0.18449685,0.010859549
-71.0,0.18323153,0.010834296
-70.9,0.1819682,0.010810553
-70.8,0.18070976,0.010786877
-70.7,0.17946081,0.010760026
-70.6,0.17822523,0.010729187
-70.5,0.17699802,0.010697627
-70.4,0.17578994,0.010672726
-70.3,0.17460552,0.010653809
-70.2,0.17343567,0.010647354
-70.1,0.17229228,0.010652601
-70.0,0.17118396,0.010662258
-69.9,0.17010331,0.010684017
-69.8,0.16904993,0.010719362
-69.7,0.1680113,0.010754677
-69.6,0.16698743,0.010789911
-69.5,0.16597944,0.01082733
-69.4,0.1649645,0.01087202
-69.3,0.1639426,0.010917457
-69.2,0.1629144,0.010958481
-69.1,0.16187225,0.011006735
-69.0,0.16081737,0.011053059
-68.9,0.15974298,0.011091588
-68.8,0.15865636,0.011123702
-68.7,0.15757059,0.011153139
-68.6,0.15646625,0.011184377
-68.5,0.15535946,0.011211106
-68.4,0.15424046,0.011230245
-68.3,0.15311491,0.011245667
-68.2,0.15198533,0.011255303
-68.1,0.15083803,0.011273586
-68.0,0.14968246,0.011297681
-67.9,0.14851576,0.011326388
-67.8,0.14734179,0.011357254
-67.7,0.14616632,0.0113836
-67.6,0.1449758,0.01140677
-67.5,0.14377655,0.011426148
-67.4,0.14256732,0.011439988
-67.3,0.14134312,0.011449864
-67.2,0.14011091,0.011457877
-67.1,0.13885942,0.0114671085
-67.0,0.13759674,0.011474445
-66.9,0.13631529,0.011478576
-66.8,0.13501391,0.011480273
-66.7,0.13369603,0.011477464
-66.6,0.13233526,0.011481244
-66.5,0.1309405,0.01148694
-66.4,0.1295047,0.011489741
-66.3,0.12803347,0.011489967
-66.2,0.1265334,0.011481215
-66.1,0.124985084,0.011453274
-66.0,0.123413615,0.011402653
-65.9,0.12180986,0.011324561
-65.8,0.12017247,0.011214507
-65.7,0.1185069,0.011077247
-65.6,0.11680523,0.010909146
-65.5,0.115084454,0.010722433
-65.4,0.11333723,0.010537242
-65.3,0.111567646,0.01035171
-65.2,0.10976908,0.010195453
-65.1,0.10795092,0.010071729
-65.0,0.10610556,0.009988536
-64.9,0.10424048,0.009954032
-64.8,0.10236056,0.009957733
-64.7,0.10045033,0.009991516
-64.6,0.09852411,0.0100380685
-64.5,0.09657582,0.0100845555
-64.4,0.09462808,0.010105644
-64.3,0.0926808,0.010106901
-64.2,0.090762146,0.010054437
-64.1,0.0888939,0.009962443
-64.0,0.08707796,0.00983565
-63.9,0.08534484,0.0096564805
-63.8,0.08367883,0.009459026
-63.7,0.08210761,0.009229483
-63.6,0.080602854,0.008975055
-63.5,0.0791686,0.008707161
-63.4,0.07781589,0.008426081
-63.3,0.0765265,0.0081566535
-63.2,0.07531341,0.007902826
-63.1,0.07417178,0.007679141
-63.0,0.07309521,0.007491704
-62.9,0.07209277,0.007344635
-62.8,0.07114482,0.007234042
-62.7,0.070246875,0.0071597006
-62.6,0.069394715,0.0071156123
-62.5,0.06856594,0.0070925257
-62.4,0.06776994,0.007083852
-62.3,0.066982925,0.0070833648
-62.2,0.0662114,0.007080407
-62.1,0.065440096,0.007070703
-62.0,0.06467046,0.0070563443
-61.9,0.063891225,0.0070195594
-61.8,0.06310099,0.0069713737
-61.7,0.062308166,0.0068962355
-61.6,0.06151416,0.006808422
-61.5,0.06073034,0.0067075663
-61.4,0.059956525,0.0065900814
-61.3,0.059199993,0.006472482
-61.2,0.058472577,0.006345145
-61.1,0.057776317,0.00622209
-61.0,0.057121966,0.006099334
-60.9,0.05652297,0.0059862393
-60.8,0.05597418,0.005882964
-60.7,0.05549619,0.0057844464
-60.6,0.055062287,0.005695571
-60.5,0.054685857,0.0056011886
-60.4,0.054336976,0.0055107065
-60.3,0.054019142,0.0054079704
-60.2,0.05371476,0.0053060106
-60.1,0.053424604,0.0052012024
-60.0,0.053149316,0.005103564
-59.9,0.052889504,0.0050204373
-59.8,0.052646816,0.0049564284
-59.7,0.052415516,0.0049145394
-59.6,0.05219916,0.004899982
-59.5,0.05199688,0.004914808
-59.4,0.051814385,0.0049612382
-59.3,0.05166084,0.005044697
-59.2,0.051542316,0.0051652333
-59.1,0.051476814,0.0053204685
-59.0,0.0514552,0.005504891
-58.9,0.051495153,0.0057068253
-58.8,0.05157366,0.005932474
-58.7,0.051704306,0.0061532077
-58.6,0.05186106,0.0063788504
-58.5,0.052049093,0.0065662637
-58.4,0.052253973,0.0067310766
-58.3,0.05247824,0.0068596853
-58.2,0.052726846,0.0069788345
-58.1,0.05298705,0.0070803007
-58.0,0.05325047,0.0071581258
-57.9,0.053494103,0.007211968
-57.8,0.053706184,0.0072369725
-57.7,0.053879585,0.0072434815
-57.6,0.05399172,0.0072123786
-57.5,0.054053616,0.0071577826
-57.4,0.05404261,0.0070570325
-57.3,0.053986188,0.0069333734
-57.2,0.05386992,0.0067625563
-57.1,0.05372498,0.0065721963
-57.0,0.053544432,0.0063463263
-56.9,0.053351346,0.0061127064
-56.8,0.053140126,0.005863316
-56.7,0.05292506,0.0056179357
-56.6,0.052706875,0.0053763473
-56.5,0.052493572,0.005158111
-56.4,0.052291937,0.0049748896
-56.3,0.05209756,0.0048380047
-56.2,0.051913287,0.0047383755
-56.1,0.05172566,0.0046599954
-56.0,0.05154048,0.0045886203
-55.9,0.05135343,0.0045179063
-55.8,0.051168136,0.0044509955
-55.7,0.05098234,0.004390213
-55.6,0.050793163,0.0043363567
-55.5,0.050602447,0.0042812633
-55.4,0.050406434,0.0042181765
-55.3,0.0502095,0.0041529164
-55.2,0.050021537,0.004083584
-55.1,0.049843796,0.004020128
-55.0,0.049691312,0.003951667
-54.9,0.04955392,0.003887749
-54.8,0.049441222,0.003812146
-54.7,0.04934118,0.0037352922
-54.6,0.04925234,0.003641607
-54.5,0.04916954,0.0035453252
-54.4,0.049083013,0.0034297472
-54.3,0.048995633,0.0033116557
-54.2,0.04891661,0.003189541
-54.1,0.048852358,0.003087996
-54.0,0.048812035,0.0030042205
-53.9,0.048781894,0.0029432508
-53.8,0.048763964,0.0028948258
-53.7,0.04874591,0.002859048
-53.6,0.0487292,0.0028292346
-53.5,0.048713606,0.0028047564
-53.4,0.04869945,0.0027767324
-53.3,0.04869251,0.0027451552
-53.2,0.048693303,0.002711062
-53.1,0.048706785,0.0026869916
-53.0,0.048730247,0.002684519
-52.9,0.048760667,0.0027042385
-52.8,0.04878753,0.0027472032
-52.7,0.04880811,0.0027863903
-52.6,0.048819978,0.0028209046
-52.5,0.04882581,0.0028296716
-52.4,0.04882549,0.0028261903
-52.3,0.048820693,0.00280622
-52.2,0.048809044,0.0027665764
-52.1,0.048788197,0.0027108314
-52.0,0.048755605,0.0026298792
-51.9,0.04871612,0.002551625
-51.8,0.048666406,0.00245957
-51.7,0.048603203,0.0023770232
-51.6,0.048518557,0.0022897727
-51.5,0.04841642,0.0022209904
-51.4,0.048302148,0.002171402
-51.3,0.048183672,0.0021436075
-51.2,0.048067138,0.0021414687
-51.1,0.04795702,0.002156127
-51.0,0.047861673,0.0021978414
-50.9,0.047788676,0.0022503415
-50.8,0.04774023,0.0023235707
-50.7,0.04771746,0.0024013459
-50.6,0.047707777,0.0024805316
-50.5,0.04770901,0.0025495642
-50.4,0.04770867,0.0025963662
-50.3,0.04770792,0.0026388457
-50.2,0.04769564,0.0026652662
-50.1,0.04767276,0.0027033058
-50.0,0.047628086,0.0027252838
-49.9,0.04757302,0.0027417662
-49.8,0.04750522,0.0027292005
-49.7,0.047454614,0.0027032373
-49.6,0.047426388,0.0026665244
-49.5,0.047446266,0.0026224616
-49.4,0.047505688,0.002560604
-49.3,0.047610573,0.0024854718
-49.2,0.04776384,0.0024232229
-49.1,0.04797132,0.0024046437
-49.0,0.04824151,0.0024192457
-48.9,0.048555076,0.002437177
-48.8,0.04889509,0.0024268413
-48.7,0.049222466,0.0023750372
-48.6,0.049519602,0.0023016394
-48.5,0.04976534,0.002214277
-48.4,0.049966384,0.0021420505
-48.3,0.050129123,0.00208181
-48.2,0.050262254,0.002032698
-48.1,0.050372157,0.0019957144
-48.0,0.050454047,0.001983777
-47.9,0.050509594,0.0020014087
-47.8,0.050526444,0.0020335526
-47.7,0.050496582,0.0020335927
-47.6,0.050427407,0.0020205877
-47.5,0.05033048,0.0020036404
-47.4,0.05022544,0.0020239332
-47.3,0.050117966,0.0020621591
-47.2,0.0500096,0.0021110289
-47.1,0.04989444,0.0021649022
-47.0,0.04976478,0.002226452
-46.9,0.04961675,0.0022953765
-46.8,0.04945231,0.0023773075
-46.7,0.049272195,0.0024666884
-46.6,0.0490832,0.002567715
-46.5,0.048891153,0.0026669274
-46.4,0.048705503,0.0027615956
-46.3,0.04852462,0.0028451912
-46.2,0.048340984,0.0029233692
-46.1,0.048148934,0.0029975509
-46.0,0.047950648,0.0030713545
-45.9,0.047755904,0.003137816
-45.8,0.047569014,0.0031953647
-45.7,0.047389336,0.0032405362
-45.6,0.047210988,0.0032774492
-45.5,0.04703126,0.0033061395
-45.4,0.046849713,0.0033307355
-45.3,0.04667074,0.0033497382
-45.2,0.046494137,0.003367498
-45.1,0.0463189,0.0033785393
-45.0,0.046139017,0.0033756187
-44.9,0.045950554,0.0033592335
-44.8,0.045755688,0.003337344
-44.7,0.045551877,0.0033308554
-44.6,0.04534684,0.0033437498
-44.5,0.04514568,0.003374048
-44.4,0.044960763,0.003412931
-44.3,0.044788588,0.0034658504
-44.2,0.044621814,0.0035364944
-44.1,0.044450723,0.0036243002
-44.0,0.044277348,0.0037209056
-43.9,0.04411123,0.0038158675
-43.8,0.043965958,0.0039091227
-43.7,0.04385063,0.0040004393
-43.6,0.04376683,0.0040827375
-43.5,0.0437025,0.00414196
-43.4,0.043644596,0.0041701095
-43.3,0.04357968,0.0041742167
-43.2,0.043515813,0.0041736215
-43.1,0.043458756,0.0041773953
-43.0,0.043417357,0.0041838624
-42.9,0.04339078,0.0041796397
-42.8,0.043383572,0.0041646166
-42.7,0.043402005,0.004138536
-42.6,0.04345046,0.0041102003
-42.5,0.043531146,0.004080085
-42.4,0.043639548,0.004049356
-42.3,0.04378367,0.0040073614
-42.2,0.043962937,0.0039444943
-42.1,0.044177555,0.0038619381
-42.0,0.044412997,0.0037794206
-41.9,0.0446657,0.0037220356
-41.8,0.044936102,0.003714165
-41.7,0.045223873,0.003746845
-41.6,0.04551597,0.003801426
-41.5,0.045794133,0.003856527
-41.4,0.04603667,0.0038988423
-41.3,0.046229042,0.0039275587
-41.2,0.04636974,0.003947558
-41.1,0.046466347,0.003975688
-41.0,0.046541847,0.004018751
-40.9,0.046609506,0.0040796297
-40.8,0.04667942,0.004148327
-40.7,0.046754554,0.00422005
-40.6,0.046831883,0.0042879195
-40.5,0.046915963,0.0043527167
-40.4,0.04700936,0.004401559
-40.3,0.047126308,0.0044249957
-40.2,0.047278907,0.004423444
-40.1,0.04747883,0.004408615
-40.0,0.047736365,0.00438934
-39.9,0.04804591,0.0043713297
-39.8,0.048391763,0.004357107
-39.7,0.048748013,0.004353984
-39.6,0.049097177,0.004357669
-39.5,0.049425244,0.0043605487
-39.4,0.049720526,0.004340545
-39.3,0.04998165,0.004285781
-39.2,0.050215323,0.004196299
-39.1,0.050440863,0.0040932354
-39.0,0.050676644,0.004001478
-38.9,0.05093101,0.003936226
-38.8,0.051196832,0.003911199
-38.7,0.051465157,0.0039508385
-38.6,0.051740147,0.004082654
-38.5,0.052036602,0.0043153693
-38.4,0.052365586,0.0046387715
-38.3,0.052727435,0.0050284606
-38.2,0.05311006,0.0054523307
-38.1,0.05348442,0.005887178
-38.0,0.05382549,0.006314548
-37.9,0.054115493,0.0067197634
-37.8,0.054348134,0.0070832237
-37.7,0.05452455,0.0074003516
-37.6,0.054652818,0.007671793
-37.5,0.054749858,0.0078910645
-37.4,0.05482509,0.008051126
-37.3,0.054878272,0.008157726
-37.2,0.054908067,0.008227517
-37.1,0.054908894,0.00826277
-37.0,0.054882932,0.008258157
-36.9,0.05483789,0.008197221
-36.8,0.054783538,0.008068464
-36.7,0.054727074,0.007859454
-36.6,0.05466947,0.007579529
-36.5,0.05461288,0.007253039
-36.4,0.054555748,0.0069116782
-36.3,0.05448909,0.0065718424
-36.2,0.05439502,0.006233383
-36.1,0.05425435,0.00589906
-36.0,0.054063093,0.005579234
-35.9,0.053835653,0.0053061075
-35.8,0.05360146,0.005101594
-35.7,0.053382322,0.00497575
-35.6,0.05318998,0.0049167834
-35.5,0.053022817,0.0049018166
-35.4,0.052877475,0.004906978
-35.3,0.052677765,0.0048479848
-35.2,0.05248854,0.0047896877
-35.1,0.052304763,0.0047338316
-35.0,0.052212004,0.0047681206
-34.9,0.05213033,0.004803896
-34.8,0.052064013,0.004842684
-34.7,0.052014075,0.004877697
-34.6,0.051983178,0.0049026213
-34.5,0.051978614,0.0049157753
-34.4,0.052004945,0.004931231
-34.3,0.052060798,0.0049562105
-34.2,0.05213387,0.004989949
-34.1,0.052221574,0.0050427113
-34.0,0.052316207,0.0051184967
-33.9,0.0524121,0.005214226
-33.8,0.05249277,0.0053058113
-33.7,0.052548632,0.005375122
-33.6,0.052567642,0.0054076873
-33.5,0.052543532,0.005402242
-33.4,0.052480873,0.0053757345
-33.3,0.05240001,0.0053564236
-33.2,0.052323893,0.00535828
-33.1,0.052271336,0.005376561
-33.0,0.052258812,0.0053941766
-32.9,0.05229273,0.0054021473
-32.8,0.052370675,0.005398627
-32.7,0.052489918,0.0053976323
-32.6,0.05265982,0.005400317
-32.5,0.0528807,0.0054078526
-32.4,0.053138766,0.005412868
-32.3,0.053414088,0.0054145805
-32.2,0.053712305,0.0054149395
-32.1,0.054045904,0.0054101776
-32.0,0.054418378,0.005404833
-31.9,0.05482984,0.005401481
-31.8,0.055275265,0.0054198224
-31.7,0.05575124,0.005477657
-31.6,0.05623965,0.0055870856
-31.5,0.05672783,0.005730572
-31.4,0.0572041,0.005881041
-31.3,0.05765606,0.006018755
-31.2,0.058068387,0.0061400374
-31.1,0.058424484,0.0062453854
-31.0,0.05871599,0.006340091
-30.9,0.05895051,0.006430864
-30.8,0.059144497,0.0065203533
-30.7,0.059321452,0.0066051804
-30.6,0.059488002,0.0066714943
-30.5,0.05964805,0.006709247
-30.4,0.059783846,0.006705853
-30.3,0.05986987,0.0066601303
-30.2,0.059881054,0.0065721427
-30.1,0.0598156,0.006444631
-30.0,0.05969363,0.0062888577
-29.9,0.05953586,0.006132766
-29.8,0.059336115,0.006008564
-29.7,0.05902334,0.0059048873
-29.6,0.058636535,0.0058183484
-29.5,0.058188282,0.005734741
-29.4,0.057759475,0.0056929984
-29.3,0.05729615,0.00566957
-29.2,0.056798138,0.0056668487
-29.1,0.056286335,0.0056831082
-29.0,0.05578427,0.0057198247
-28.9,0.055326533,0.005777934
-28.8,0.054925222,0.0058649727
-28.7,0.05457641,0.0059718904
-28.6,0.05429156,0.006075503
-28.5,0.054089796,0.0061546247
-28.4,0.053986285,0.0062124613
-28.3,0.0539647,0.0062599094
-28.2,0.054005705,0.0062997923
-28.1,0.05410259,0.006320635
-28.0,0.054253694,0.0063180886
-27.9,0.05445859,0.006299796
-27.8,0.054708313,0.0062812
-27.7,0.054985393,0.006272879
-27.6,0.05526907,0.006279208
-27.5,0.05555096,0.0062963236
-27.4,0.055837758,0.0063132676
-27.3,0.056142546,0.0063248337
-27.2,0.056465846,0.0063373204
-27.1,0.056802347,0.006358858
-27.0,0.057143077,0.0063945586
-26.9,0.057492197,0.006440526
-26.8,0.057849452,0.006484885
-26.7,0.058213092,0.006512298
-26.6,0.058576282,0.006523504
-26.5,0.058937404,0.00652905
-26.4,0.059291534,0.0065390733
-26.3,0.0596463,0.006547813
-26.2,0.060008794,0.0065504154
-26.1,0.060392957,0.006551101
-26.0,0.060806047,0.0065568914
-25.9,0.06126031,0.0065640435
-25.8,0.06175887,0.006563506
-25.7,0.062273894,0.006546106
-25.6,0.06275921,0.006504684
-25.5,0.06317613,0.006437344
-25.4,0.06352577,0.0063517448
-25.3,0.06383961,0.006279841
-25.2,0.0641605,0.0062394626
-25.1,0.06453008,0.0062166965
-25.0,0.06497245,0.0061761164
-24.9,0.06547667,0.0060992874
-24.8,0.06601065,0.006003315
-24.7,0.06654093,0.005916271
-24.6,0.0670467,0.0058556963
-24.5,0.06750583,0.0058192546
-24.4,0.067906536,0.005793403
-24.3,0.06825971,0.0057545872
-24.2,0.06859613,0.0056868857
-24.1,0.06893074,0.005588025
-24.0,0.06926447,0.0054722065
-23.9,0.069595106,0.005353129
-23.8,0.069927014,0.005230334
-23.7,0.07026395,0.005101224
-23.6,0.07060039,0.0049676076
-23.5,0.0709356,0.0048419773
-23.4,0.071274556,0.004744222
-23.3,0.07162914,0.0046859565
-23.2,0.07199753,0.0046614017
-23.1,0.07236491,0.0046557705
-23.0,0.07271667,0.0046637105
-22.9,0.07304542,0.0046953266
-22.8,0.07334384,0.004743787
-22.7,0.07360357,0.004795353
-22.6,0.0738357,0.004843127
-22.5,0.07406941,0.004891048
-22.4,0.074342266,0.0049505793
-22.3,0.07468155,0.005022919
-22.2,0.0751108,0.0050971187
-22.1,0.07562439,0.005155082
-22.0,0.07618498,0.0051851487
-21.9,0.076733455,0.0051961476
-21.8,0.07722357,0.005200385
-21.7,0.07763484,0.005200608
-21.6,0.07796831,0.005189752
-21.5,0.07822052,0.0051764417
-21.4,0.07837588,0.0051739044
-21.3,0.0784234,0.0051926402
-21.2,0.07838125,0.005228557
-21.1,0.0782816,0.0052708494
-21.0,0.07814512,0.005309179
-20.9,0.077979065,0.0053421105
-20.8,0.07779138,0.0053841467
-20.7,0.077593796,0.005464778
-20.6,0.07740363,0.0055983094
-20.5,0.077241905,0.0057782787
-20.4,0.07712887,0.0059863157
-20.3,0.07705442,0.0062063932
-20.2,0.07698097,0.0064182207
-20.1,0.07687129,0.0065878136
-20.0,0.07671,0.006674429
-19.9,0.07650618,0.0066526416
-19.8,0.07626213,0.0065329825
-19.7,0.075982526,0.006376437
-19.6,0.07566701,0.006254303
-19.5,0.07531665,0.0062119695
-19.4,0.07492916,0.0062312023
-19.3,0.074503504,0.0062729353
-19.2,0.074053764,0.0062994515
-19.1,0.07360261,0.0062858877
-19.0,0.07317304,0.006233001
-18.9,0.072756216,0.0061681047
-18.8,0.072315134,0.0061208196
-18.7,0.071808025,0.006087079
-18.6,0.071234986,0.0060498905
-18.5,0.070627846,0.0060033565
-18.4,0.070041835,0.0059698178
-18.3,0.069502614,0.005956081
-18.2,0.06901645,0.005951018
-18.1,0.06855407,0.005933678
-18.0,0.06810032,0.005897861
-17.9,0.06764237,0.005843667
-17.8,0.06717907,0.0057738367
-17.7,0.06669527,0.0056870426
-17.6,0.06618617,0.0055874535
-17.5,0.06566253,0.005478993
-17.4,0.065148495,0.005365187
-17.3,0.06465871,0.005250672
-17.2,0.06419784,0.0051469277
-17.1,0.06375411,0.0050630174
-17.0,0.06332105,0.0049927975
-16.9,0.062900685,0.004920928
-16.8,0.06250794,0.0048501366
-16.7,0.06213581,0.0047913915
-16.6,0.06176992,0.0047454443
-16.5,0.061396692,0.0046995953
-16.4,0.06102437,0.0046540573
-16.3,0.060662176,0.0046187616
-16.2,0.060322642,0.004603826
-16.1,0.060015094,0.0046020676
-16.0,0.059735365,0.0046021435
-15.9,0.05946777,0.004589914
-15.8,0.059200373,0.0045589563
-15.7,0.05894881,0.004508348
-15.6,0.05873137,0.004441719
-15.5,0.058561612,0.004373512
-15.4,0.058421716,0.0043197693
-15.3,0.058300827,0.004286051
-15.2,0.058190178,0.004254352
-15.1,0.05810611,0.0042095147
-15.0,0.058071274,0.004169115
-14.9,0.058100265,0.0041670026
-14.8,0.058189016,0.0042231893
-14.7,0.058314394,0.004321775
-14.6,0.058444858,0.0044322405
-14.5,0.058558613,0.004517228
-14.4,0.058655772,0.0045489785
-14.3,0.058760434,0.0045439284
-14.2,0.058890227,0.004544823
-14.1,0.059057154,0.0045870775
-14.0,0.0592774,0.0046678646
-13.9,0.05956018,0.0047654803
-13.8,0.059898496,0.0048608105
-13.7,0.060269877,0.0049390416
-13.6,0.06065118,0.0049800477
-13.5,0.061013255,0.004973247
-13.4,0.061320063,0.004922552
-13.3,0.061557397,0.0048516933
-13.2,0.061741587,0.0047860304
-13.1,0.061909083,0.0047405786
-13.0,0.06209344,0.00472718
-12.9,0.062309336,0.0047456888
-12.8,0.06256487,0.0047852867
-12.7,0.062866814,0.0048259976
-12.6,0.06322441,0.0048546987
-12.5,0.06363404,0.0048749982
-12.4,0.06408399,0.0048941793
-12.3,0.064564586,0.0049078725
-12.2,0.06506824,0.0049003894
-12.1,0.065576695,0.0048537245
-12.0,0.066063635,0.004766199
-11.9,0.066511504,0.004659086
-11.8,0.06692685,0.0045700404
-11.7,0.06733343,0.0045355167
-11.6,0.067759536,0.004566524
-11.5,0.068215385,0.0046492354
-11.4,0.068689406,0.00476744
-11.3,0.06915777,0.004912666
-11.2,0.069598965,0.0050719786
-11.1,0.07000473,0.005230513
-11.0,0.07037176,0.0053797932
-10.9,0.07070189,0.005529039
-10.8,0.0709882,0.005687466
-10.7,0.071220085,0.0058605643
-10.6,0.071386844,0.0060401466
-10.5,0.07148622,0.006214468
-10.4,0.07153811,0.006371402
-10.3,0.07157561,0.006498692
-10.2,0.07162303,0.0065984796
-10.1,0.07167155,0.0066759773
-10.0,0.071700305,0.0067370445
-9.9,0.07169719,0.0067694723
-9.8,0.07167004,0.0067712264
-9.7,0.07161295,0.0067602918
-9.6,0.071549535,0.006734047
-9.5,0.07148524,0.006703821
-9.4,0.07143555,0.006655493
-9.3,0.07139549,0.0065938556
-9.2,0.07136822,0.0064962697
-9.1,0.07134354,0.0063608177
-9.0,0.07129794,0.0062139668
-8.9,0.07119779,0.0060841776
-8.8,0.07102244,0.0059866966
-8.7,0.070758194,0.0059231967
-8.6,0.070399255,0.005898138
-8.5,0.0699458,0.005907529
-8.4,0.069433786,0.0059249275
-8.3,0.06892631,0.005923328
-8.2,0.0684877,0.0059034666
-8.1,0.06814988,0.0058834525
-8.0,0.06791662,0.005870438
-7.9,0.0677744,0.0058417604
-7.8,0.06770291,0.0057693277
-7.7,0.067689426,0.00565348
-7.6,0.06773508,0.0055288705
-7.5,0.067841955,0.005435523
-7.4,0.06800433,0.0053789103
-7.3,0.068214305,0.0053418097
-7.2,0.068484806,0.0053144563
-7.1,0.06882262,0.0052980995
-7.0,0.06921627,0.005295436
-6.9,0.06964283,0.005310746
-6.8,0.07009461,0.0053525134
-6.7,0.07058433,0.0054288553
-6.6,0.07112416,0.0055328836
-6.5,0.07173048,0.0056538964
-6.4,0.072415404,0.0057822643
-6.3,0.073192745,0.0059159715
-6.2,0.07406239,0.0060532917
-6.1,0.07501174,0.0061880127
-6.0,0.07600618,0.006326502
-5.9,0.07699606,0.0064849714
-5.8,0.07793309,0.006668171
-5.7,0.07879925,0.0068669557
-5.6,0.07960567,0.0070657902
-5.5,0.08038529,0.0072566336
-5.4,0.08117277,0.007423842
-5.3,0.081994265,0.007548255
-5.2,0.08286417,0.007626997
-5.1,0.08379714,0.0076719257
-5.0,0.08479758,0.0076894173
-4.9,0.085843414,0.0076784873
-4.8,0.08689348,0.0076454733
-4.7,0.08793148,0.0076174648
-4.6,0.08897737,0.007611418
-4.5,0.0900612,0.007638034
-4.4,0.0911972,0.007707014
-4.3,0.09238561,0.007814117
-4.2,0.09360906,0.007938594
-4.1,0.09482802,0.008054646
-4.0,0.09600894,0.0081615355
-3.9,0.09715801,0.008260115
-3.8,0.09831058,0.0083439015
-3.7,0.09948911,0.008401824
-3.6,0.10069405,0.008440679
-3.5,0.10192934,0.008483581
-3.4,0.10320944,0.008557794
-3.3,0.10453416,0.008680522
-3.2,0.10589424,0.008860411
-3.1,0.10728682,0.009092292
-3.0,0.10871744,0.00935627
-2.9,0.11017155,0.009620801
-2.8,0.11162755,0.009856426
-2.7,0.11307538,0.01004724
-2.6,0.11451346,0.010197121
-2.5,0.11594305,0.010326966
-2.4,0.117355295,0.010449532
-2.3,0.1187526,0.010558498
-2.2,0.120127246,0.010640809
-2.1,0.121468015,0.010681289
-2.0,0.12276278,0.010668517
-1.9,0.123999044,0.010606175
-1.8,0.1251684,0.01051554
-1.7,0.12625378,0.010419282
-1.6,0.12724599,0.010328934
-1.5,0.12813945,0.010247684
-1.4,0.12893572,0.0101809995
-1.3,0.12964046,0.010129911
-1.2,0.13025671,0.010095775
-1.1,0.13078319,0.010076761
-1.0,0.13123353,0.010073645
-0.9,0.13163409,0.010082824
-0.8,0.13200633,0.010100844
-0.7,0.13234486,0.010133199
-0.6,0.13263407,0.010184246
-0.5,0.13287288,0.010242476
-0.4,0.13306367,0.010285219
-0.3,0.13321231,0.010301364
-0.2,0.13331988,0.010294179
-0.1,0.13338813,0.010273543
-0.0,0.13340458,0.010257614
0.1,0.13335127,0.010267304
0.2,0.13320962,0.010310204
0.3,0.1329726,0.010366532
0.4,0.13264878,0.010408769
0.5,0.13227066,0.010426475
0.6,0.13184953,0.010429693
0.7,0.13137388,0.010438624
0.8,0.1308278,0.010471476
0.9,0.1302131,0.010540473
1.0,0.12953159,0.01064019
1.1,0.12876555,0.010748624
1.2,0.12791555,0.010838965
1.3,0.12698805,0.010910376
1.4,0.12598263,0.010959393
1.5,0.12488203,0.010978986
1.6,0.123683214,0.010967323
1.7,0.12237823,0.01098592
1.8,0.120971546,0.010987974
1.9,0.119483165,0.01096067
2.0,0.11811362,0.010890837
2.1,0.11674327,0.010816938
2.2,0.11537033,0.010734979
2.3,0.11400675,0.010632465
2.4,0.11268213,0.010504379
2.5,0.111429445,0.010360342
2.6,0.110245794,0.010209237
2.7,0.10910197,0.010058852
2.8,0.10798047,0.009912454
2.9,0.10689471,0.009769245
3.0,0.105866455,0.009630272
3.1,0.10490869,0.0094897915
3.2,0.10401549,0.009338886
3.3,0.10316409,0.0091720335
3.4,0.1023333,0.008987869
3.5,0.101524405,0.00880529
3.6,0.10074888,0.008629442
3.7,0.10001445,0.00847283
3.8,0.0993197,0.008347414
3.9,0.09865879,0.008269885
4.0,0.09801673,0.0082255695
4.1,0.09738479,0.008194635
4.2,0.09675163,0.008161896
4.3,0.09610169,0.008128969
4.4,0.09543401,0.008099563
4.5,0.09476608,0.008082448
4.6,0.094140194,0.00809509
4.7,0.093578674,0.00812779
4.8,0.09309268,0.008159974
4.9,0.0928031,0.008195853
5.0,0.0925565,0.0082407985
5.1,0.09232693,0.008317123
5.2,0.09197491,0.008384864
5.3,0.09162089,0.008453004
5.4,0.09126375,0.008530555
5.5,0.09090033,0.008639631
5.6,0.09053069,0.008787453
5.7,0.09016277,0.008966183
5.8,0.08980104,0.009168033
5.9,0.08944297,0.009393347
6.0,0.08909653,0.009638617
6.1,0.08877991,0.009903505
6.2,0.08850413,0.01017016
6.3,0.08826561,0.0104134
6.4,0.08804326,0.010618254
6.5,0.08780725,0.010786236
6.6,0.0875091,0.010921985
6.7,0.087141246,0.01102246
6.8,0.08674427,0.011101429
6.9,0.08637233,0.011172105
7.0,0.08603395,0.011230329
7.1,0.08570766,0.01126845
7.2,0.08536527,0.01128629
7.3,0.08499914,0.011300044
7.4,0.084610336,0.011307357
7.5,0.084218994,0.01131597
7.6,0.083831735,0.011330167
7.7,0.08344529,0.01134214
7.8,0.08305781,0.011338397
7.9,0.08267292,0.011319323
8.0,0.082289375,0.011301085
8.1,0.08189851,0.011286752
8.2,0.08149288,0.011269295
8.3,0.08106807,0.011248893
8.4,0.08062905,0.011229693
8.5,0.08018183,0.011215079
8.6,0.07972894,0.011207751
8.7,0.07925576,0.011204608
8.8,0.07874354,0.011193619
8.9,0.07818873,0.011153957
9.0,0.07759925,0.011079762
9.1,0.07698841,0.010965282
9.2,0.07636056,0.01080051
9.3,0.07571968,0.010581639
9.4,0.07508208,0.010321539
9.5,0.074474916,0.010049716
9.6,0.07391881,0.009777248
9.7,0.07347625,0.009555354
9.8,0.0730657,0.009305911
9.9,0.07268561,0.0090365475
10.0,0.072301984,0.008715886
10.1,0.07198261,0.008446705
10.2,0.0717272,0.008241092
10.3,0.071516484,0.008093366
10.4,0.07131968,0.007978258
10.5,0.071104154,0.007866398
10.6,0.070849136,0.0077416627
10.7,0.07054794,0.007610675
10.8,0.07021971,0.007486136
10.9,0.069892496,0.0073742764
11.0,0.06957583,0.007269248
11.1,0.06925741,0.0071735405
11.2,0.06892493,0.007095302
11.3,0.068587266,0.007052048
11.4,0.068268076,0.0070551196
11.5,0.06797701,0.0070989225
11.6,0.06771237,0.0071541546
11.7,0.06746769,0.007186869
11.8,0.06723498,0.007186194
11.9,0.06701563,0.0071783825
12.0,0.06681526,0.0072027375
12.1,0.06664563,0.007271672
12.2,0.066516206,0.007360713
12.3,0.066425815,0.007441324
12.4,0.06636927,0.0075033414
12.5,0.06633414,0.007550799
12.6,0.0663044,0.0075860904
12.7,0.06627621,0.007612666
12.8,0.06625263,0.007635545
12.9,0.06623671,0.0076607633
13.0,0.06622105,0.007686494
13.1,0.06619672,0.0077150865
13.2,0.066170365,0.0077477847
13.3,0.06613919,0.0077762594
13.4,0.06609753,0.0077809896
13.5,0.06604715,0.0077447803
13.6,0.066016056,0.0076728617
13.7,0.06602819,0.0075827567
13.8,0.06608498,0.0074897236
13.9,0.06616193,0.0073987395
14.0,0.06622897,0.007307025
14.1,0.066272676,0.007210355
14.2,0.06629865,0.0071069673
14.3,0.066327415,0.0070061344
14.4,0.06636574,0.0069182455
14.5,0.066417895,0.0068527497
14.6,0.06648568,0.0068125464
14.7,0.0665813,0.0068008434
14.8,0.06671119,0.006821476
14.9,0.06691858,0.0068198545
15.0,0.06715764,0.0068437443
15.1,0.06742102,0.006879001
15.2,0.06768119,0.0069682808
15.3,0.06796456,0.007053347
15.4,0.068275675,0.007142823
15.5,0.06860706,0.0072372933
15.6,0.06894155,0.0073241605
15.7,0.06925932,0.0073769963
15.8,0.06955431,0.00738035
15.9,0.06984013,0.0073413607
16.0,0.0701449,0.007284853
16.1,0.07049557,0.0072386703
16.2,0.07089812,0.0072253635
16.3,0.07135047,0.007253364
16.4,0.071832374,0.007315354
16.5,0.07233158,0.0073967166
16.6,0.07283539,0.007480949
16.7,0.07334872,0.0075526102
16.8,0.07387602,0.007588135
16.9,0.07441834,0.0075690644
17.0,0.07496798,0.0074928068
17.1,0.07551348,0.0073739765
17.2,0.07602765,0.0072287237
17.3,0.0764911,0.0070739207
17.4,0.07689888,0.0069346246
17.5,0.07727337,0.0068495725
17.6,0.07764446,0.0068380116
17.7,0.07802661,0.0068854517
17.8,0.07841781,0.0069568497
17.9,0.078814216,0.007030242
18.0,0.07922826,0.0070926878
18.1,0.079675,0.0071362676
18.2,0.08016001,0.00715808
18.3,0.08066976,0.0071505643
18.4,0.081184186,0.007101628
18.5,0.081689805,0.006987595
18.6,0.08215893,0.0068197567
18.7,0.082561985,0.006614332
18.8,0.08285077,0.006379301
18.9,0.082986444,0.006112473
19.0,0.08295042,0.0058262357
19.1,0.08273415,0.005578055
19.2,0.082326464,0.0054247193
19.3,0.08170901,0.0053784344
19.4,0.080880344,0.0053803283
19.5,0.0798827,0.0053529968
19.6,0.07877552,0.005265192
19.7,0.077630214,0.0051314826
19.8,0.076520436,0.0049652453
19.9,0.075505055,0.0047769723
20.0,0.07461657,0.0045963223
20.1,0.07382723,0.0044608847
20.2,0.07308272,0.004401294
20.3,0.07233235,0.0044054845
20.4,0.07156925,0.004444234
20.5,0.0708221,0.004495604
20.6,0.07014763,0.0045454805
20.7,0.06960659,0.0045864703
20.8,0.069226615,0.004618223
20.9,0.06895785,0.0046353107
21.0,0.06869917,0.004623305
21.1,0.06834597,0.0045720595
21.2,0.067814745,0.0044907033
21.3,0.06704027,0.004411508
21.4,0.065988906,0.004349435
21.5,0.0646956,0.0042718407
21.6,0.063289344,0.0041275686
21.7,0.062107123,0.003942969
21.8,0.061245758,0.0038053612
21.9,0.060795475,0.0037611716
22.0,0.06056257,0.003694055
22.1,0.06068741,0.0037102434
22.2,0.061084118,0.003783191
22.3,0.06168368,0.0038795173
22.4,0.062441222,0.0039784294
22.5,0.06334013,0.0040662047
22.6,0.06435164,0.0041307886
22.7,0.065412134,0.004168259
22.8,0.06644564,0.004196689
22.9,0.06741557,0.00425922
23.0,0.068314515,0.004383593
23.1,0.06915973,0.0045812647
23.2,0.06996931,0.004844238
23.3,0.07076199,0.0051401462
23.4,0.0715327,0.005434464
23.5,0.072255805,0.0057033766
23.6,0.07289932,0.005941762
23.7,0.07343917,0.0061523262
23.8,0.07386131,0.0063374573
23.9,0.07417023,0.0064943735
24.0,0.074381284,0.0066100773
24.1,0.074521005,0.0066830157
24.2,0.07461196,0.0067159445
24.3,0.07468364,0.0067276037
24.4,0.074760094,0.006733648
24.5,0.07485861,0.0067378595
24.6,0.07497466,0.0067360024
24.7,0.075082,0.0067192763
24.8,0.07515906,0.0066939616
24.9,0.07518906,0.006673524
25.0,0.07517055,0.00666202
25.1,0.07510919,0.0066554723
25.2,0.07501575,0.0066381823
25.3,0.07489878,0.006597474
25.4,0.0747601,0.0065318434
25.5,0.074615255,0.006450456
25.6,0.07449423,0.0063664876
25.7,0.07442607,0.006287113
25.8,0.07440948,0.0062080743
25.9,0.07442386,0.006128811
26.0,0.07444334,0.0060498724
26.1,0.07446357,0.005977784
26.2,0.07448682,0.0059217666
26.3,0.07450107,0.005879323
26.4,0.074488945,0.005852355
26.5,0.07444843,0.0058366153
26.6,0.074409395,0.0058236904
26.7,0.07440673,0.005790344
26.8,0.07444946,0.0057224557
26.9,0.0745194,0.0056267474
27.0,0.07460176,0.0055251564
27.1,0.07469673,0.0054314383
27.2,0.07482651,0.005356493
27.3,0.07500917,0.005310679
27.4,0.0752612,0.0053038946
27.5,0.075585455,0.005336725
27.6,0.075971805,0.0054065594
27.7,0.07640315,0.0055097034
27.8,0.0768588,0.0056370967
27.9,0.07731604,0.0057754144
28.0,0.077761926,0.0059004663
28.1,0.078207865,0.005996306
28.2,0.07867322,0.006056178
28.3,0.07916494,0.0060910746
28.4,0.07966495,0.0061200215
28.5,0.08014842,0.0061547942
28.6,0.08059327,0.0062008826
28.7,0.080988534,0.0062477654
28.8,0.08132507,0.006266656
28.9,0.08161113,0.0062390617
29.0,0.081852734,0.006157932
29.1,0.08205648,0.006034278
29.2,0.08220434,0.0058816057
29.3,0.08228465,0.005718237
29.4,0.08229452,0.005561018
29.5,0.08224308,0.0054131844
29.6,0.082130514,0.0052594766
29.7,0.081922285,0.0050594765
29.8,0.08164323,0.004846688
29.9,0.0813037,0.0046408414
30.0,0.08092981,0.0044862884
30.1,0.08051162,0.0043624877
30.2,0.080048844,0.0042597326
30.3,0.07955543,0.0041647004
30.4,0.0790493,0.0040725996
30.5,0.078547515,0.0039920793
30.6,0.078055024,0.0039304337
30.7,0.0775797,0.0038885428
30.8,0.07713895,0.0038515837
30.9,0.076745674,0.0038123443
31.0,0.076407306,0.0037696892
31.1,0.07612184,0.0037351928
31.2,0.0758783,0.0037108709
31.3,0.07566511,0.0037008957
31.4,0.07546478,0.0037035574
31.5,0.07526766,0.0037158886
31.6,0.07506463,0.003730513
31.7,0.07484303,0.0037442034
31.8,0.07459416,0.0037622363
31.9,0.07431662,0.0037870887
32.0,0.074022636,0.003820794
32.1,0.07372122,0.0038597146
32.2,0.07340795,0.0038928986
32.3,0.07305904,0.003932515
32.4,0.07269181,0.0039481553
32.5,0.0723126,0.0039398437
32.6,0.07196063,0.0038954692
32.7,0.07161241,0.0038549022
32.8,0.071273275,0.0038409065
32.9,0.07094371,0.003865619
33.0,0.07059842,0.0039111455
33.1,0.07020918,0.0039566336
33.2,0.06977436,0.003995806
33.3,0.06931765,0.0040307934
33.4,0.06887954,0.004065688
33.5,0.06847243,0.0040864116
33.6,0.06809905,0.004084836
33.7,0.06775634,0.004068638
33.8,0.067444935,0.0040613725
33.9,0.0671603,0.004063472
34.0,0.066902615,0.004067305
34.1,0.066676155,0.0040581306
34.2,0.06649577,0.004046823
34.3,0.066364065,0.004039378
34.4,0.0662787,0.004034678
34.5,0.066225685,0.004024519
34.6,0.06619389,0.0040076473
34.7,0.06617175,0.0039844546
34.8,0.06615968,0.0039636204
34.9,0.06616061,0.00394912
35.0,0.06617553,0.0039391085
35.1,0.06620721,0.003913595
35.2,0.06624968,0.0038652443
35.3,0.06629861,0.0038082032
35.4,0.0663381,0.0037710287
35.5,0.06636395,0.0037739563
35.6,0.066382706,0.0038158624
35.7,0.066402905,0.0038810938
35.8,0.06642637,0.003944329
35.9,0.06645225,0.0039783767
36.0,0.066471525,0.0039758193
36.1,0.066477686,0.0039342823
36.2,0.06646365,0.0038758612
36.3,0.06643433,0.003814051
36.4,0.06639604,0.0037705747
36.5,0.06634904,0.0037490774
36.6,0.066287756,0.0037439258
36.7,0.06621171,0.0037419759
36.8,0.06612468,0.0037315981
36.9,0.06602894,0.0037065728
37.0,0.065915644,0.0036586784
37.1,0.06577542,0.003589246
37.2,0.06560601,0.0035112833
37.3,0.065413624,0.0034424253
37.4,0.06520975,0.00338765
37.5,0.06499839,0.0033482627
37.6,0.0647814,0.003321312
37.7,0.064541526,0.0032998847
37.8,0.06426896,0.0032864802
37.9,0.0639555,0.0032889545
38.0,0.06359841,0.003317913
38.1,0.06320334,0.0033786846
38.2,0.06277486,0.0034723133
38.3,0.062319294,0.0035988148
38.4,0.061843272,0.0037300366
38.5,0.06134708,0.0038511162
38.6,0.060835853,0.0039554057
38.7,0.060306005,0.004045462
38.8,0.059761174,0.0041248454
38.9,0.059205856,0.004182278
39.0,0.05865274,0.004203365
39.1,0.058117043,0.0041739945
39.2,0.05761167,0.004112545
39.3,0.057139557,0.004038122
39.4,0.056701247,0.003960899
39.5,0.056297164,0.003883326
39.6,0.055931713,0.0038049093
39.7,0.055608388,0.003730981
39.8,0.05532617,0.0036673548
39.9,0.05507466,0.0036159323
40.0,0.054840464,0.0035678474
40.1,0.054613978,0.0035179763
40.2,0.05439494,0.0034735065
40.3,0.05419103,0.00344195
40.4,0.054009415,0.0034245127
40.5,0.053850275,0.0034219902
40.6,0.053711016,0.0034380143
40.7,0.05359158,0.0034704665
40.8,0.05349302,0.0035128403
40.9,0.053411663,0.0035566317
41.0,0.053339124,0.0036046251
41.1,0.05327137,0.0036638197
41.2,0.05320972,0.0037464318
41.3,0.053159256,0.0038573828
41.4,0.053116206,0.0039971587
41.5,0.053068772,0.0041646236
41.6,0.053000014,0.0043472913
41.7,0.052901164,0.004530352
41.8,0.05275534,0.0046864124
41.9,0.05256455,0.0048119295
42.0,0.052331615,0.004903476
42.1,0.052078996,0.004975957
42.2,0.051817022,0.0050381175
42.3,0.051687382,0.005208433
42.4,0.05156399,0.0053987913
42.5,0.051447146,0.0056056194
42.6,0.051211458,0.0057310066
42.7,0.05098681,0.0058386754
42.8,0.050776497,0.005918176
42.9,0.050577704,0.0059466446
43.0,0.050385907,0.0059288684
43.1,0.050195247,0.0058710286
43.2,0.04998585,0.005781946
43.3,0.0497582,0.0056751044
43.4,0.049506586,0.005546485
43.5,0.049254976,0.005415544
43.6,0.049020678,0.0052901264
43.7,0.04882964,0.005194258
43.8,0.04869779,0.0051340074
43.9,0.048617978,0.0051151076
44.0,0.048576538,0.0051233745
44.1,0.0485539,0.005153262
44.2,0.048541855,0.0051866146
44.3,0.048540328,0.0052068564
44.4,0.048541863,0.005199883
44.5,0.048548732,0.0051638265
44.6,0.04854843,0.0051063173
44.7,0.04854128,0.0050444067
44.8,0.048519805,0.004984197
44.9,0.048494227,0.004932252
45.0,0.04847079,0.0048858286
45.1,0.048454158,0.0048361574
45.2,0.048441574,0.00478761
45.3,0.048426308,0.0047404426
45.4,0.048410807,0.0047090044
45.5,0.04839948,0.0046961643
45.6,0.04840684,0.0046926024
45.7,0.048440173,0.00468409
45.8,0.04850096,0.004653197
45.9,0.048581913,0.004596768
46.0,0.04867073,0.0045241914
46.1,0.048756447,0.0044455393
46.2,0.048827484,0.0043668053
46.3,0.048882693,0.0042827204
46.4,0.048924055,0.0041821986
46.5,0.048959255,0.00407933
46.6,0.048987255,0.003988678
46.7,0.04901235,0.003932153
46.8,0.049031317,0.0039025727
46.9,0.049054407,0.0038889227
47.0,0.049081396,0.0038871658
47.1,0.049125478,0.0038906583
47.2,0.04918367,0.003902355
47.3,0.049263235,0.0039081634
47.4,0.049354322,0.0039027
47.5,0.049456935,0.0038869043
47.6,0.04955388,0.003865867
47.7,0.049640875,0.003853504
47.8,0.049715787,0.0038495532
47.9,0.04978442,0.0038672371
48.0,0.049857706,0.003918471
48.1,0.049937524,0.0039991923
48.2,0.050027534,0.0041099857
48.3,0.050127774,0.004221061
48.4,0.050240163,0.0043376414
48.5,0.05037042,0.004438063
48.6,0.050512623,0.0045357877
48.7,0.050667264,0.0046158857
48.8,0.050825987,0.0046758056
48.9,0.05098667,0.0047096596
49.0,0.051141083,0.004708807
49.1,0.051288426,0.004687746
49.2,0.05141554,0.00462499
49.3,0.051523216,0.004539815
49.4,0.051598582,0.004414356
49.5,0.05165186,0.004281701
49.6,0.051673606,0.004148283
49.7,0.05167492,0.004031418
49.8,0.05165697,0.0039411685
49.9,0.051633336,0.0038686001
50.0,0.051611852,0.0038318231
50.1,0.051599994,0.0038043684
50.2,0.05159929,0.0037983574
50.3,0.051609848,0.0037949085
50.4,0.051631134,0.0038033486
50.5,0.05166463,0.0038131122
50.6,0.051709145,0.0038177564
50.7,0.051764235,0.0038129769
50.8,0.05182603,0.0037945525
50.9,0.051894207,0.003768443
51.0,0.051973086,0.0037355195
51.1,0.052064106,0.003707558
51.2,0.05217059,0.003682107
51.3,0.052280843,0.0036699441
51.4,0.05239633,0.00366915
51.5,0.052515276,0.0036955187
51.6,0.052650154,0.0037538833
51.7,0.052802913,0.0038488677
51.8,0.05298,0.003959121
51.9,0.05317443,0.004066665
52.0,0.05339177,0.0041462276
52.1,0.05362451,0.0042016483
52.2,0.053882252,0.0042354553
52.3,0.054161888,0.0042704544
52.4,0.054477315,0.004315385
52.5,0.05482991,0.004386746
52.6,0.055221915,0.0044789775
52.7,0.05564182,0.004587508
52.8,0.056071952,0.004684877
52.9,0.056489043,0.0047537023
53.0,0.056880966,0.0047705513
53.1,0.057243347,0.004744435
53.2,0.057587285,0.0046819933
53.3,0.05791471,0.0046155136
53.4,0.058226828,0.0045569846
53.5,0.058518767,0.004520188
53.6,0.058783237,0.004498818
53.7,0.059026293,0.004488922
53.8,0.05925288,0.0044919783
53.9,0.05948469,0.004513231
54.0,0.059732098,0.004562762
54.1,0.06000444,0.0046429564
54.2,0.060297742,0.0047437917
54.3,0.060605027,0.004856289
54.4,0.060920324,0.0049608923
54.5,0.06123607,0.005060187
54.6,0.061551128,0.0051446343
54.7,0.061859816,0.0052316682
54.8,0.06215735,0.0053105284
54.9,0.062438324,0.005397581
55.0,0.062694006,0.005472483
55.1,0.06293029,0.005552666
55.2,0.06314404,0.00561976
55.3,0.06334721,0.005696928
55.4,0.063535474,0.0057612187
55.5,0.06371677,0.0058328966
55.6,0.06388736,0.0058961874
55.7,0.06405362,0.005962904
55.8,0.06421346,0.006021946
55.9,0.06437006,0.0060721193
56.0,0.064522535,0.0061160363
56.1,0.064677075,0.0061398926
56.2,0.06483562,0.006156379
56.3,0.06500734,0.0061442857
56.4,0.06518705,0.0061251526
56.5,0.06538318,0.0060842563
56.6,0.065587156,0.0060425643
56.7,0.06579873,0.0059982627
56.8,0.066006,0.0059558083
56.9,0.06620882,0.0059183454
57.0,0.066410534,0.0058766687
57.1,0.06660937,0.005836554
57.2,0.06680621,0.005788936
57.3,0.06699621,0.005743014
57.4,0.06718143,0.0056904466
57.5,0.06736442,0.0056412923
57.6,0.067545645,0.005584482
57.7,0.06773214,0.0055260733
57.8,0.06792356,0.005461048
57.9,0.06812006,0.0053918795
58.0,0.0683223,0.0053222976
58.1,0.06852784,0.005254687
58.2,0.06873944,0.0051976643
58.3,0.06894586,0.0051514506
58.4,0.069149405,0.0051180273
58.5,0.06934507,0.0050959187
58.6,0.06954531,0.005083933
58.7,0.06974671,0.00508432
58.8,0.069966696,0.0050890218
58.9,0.070197076,0.0051007457
59.0,0.07044862,0.005108776
59.1,0.070711955,0.0051237317
59.2,0.07099065,0.0051410906
59.3,0.07127579,0.0051613455
59.4,0.07156702,0.0051861606
59.5,0.07185891,0.0052007525
59.6,0.072156854,0.005209344
59.7,0.072456814,0.0052034855
59.8,0.07276595,0.0051847114
59.9,0.07308067,0.0051600174
60.0,0.073406324,0.0051333467
60.1,0.0737464,0.005120848
60.2,0.07409991,0.00512358
60.3,0.07447156,0.005144303
60.4,0.07485083,0.005184118
60.5,0.07524646,0.0052300454
60.6,0.0756444,0.005281403
60.7,0.076055445,0.0053297477
60.8,0.07647349,0.005377488
60.9,0.0769052,0.0054212944
61.0,0.077350795,0.0054601072
61.1,0.07780619,0.005492298
61.2,0.07827257,0.0055185817
61.3,0.078737594,0.005540772
61.4,0.07920502,0.005564115
61.5,0.07966542,0.0055886186
61.6,0.08012766,0.0056071994
61.7,0.08058481,0.005625602
61.8,0.08104607,0.005635763
61.9,0.08150636,0.005645359
62.0,0.08197137,0.0056515704
62.1,0.08244638,0.0056643086
62.2,0.08293228,0.0056874678
62.3,0.08343419,0.005720077
62.4,0.083942555,0.005757982
62.5,0.084464945,0.005802445
62.6,0.084993385,0.0058551715
62.7,0.08553628,0.005922674
62.8,0.0860875,0.006002968
62.9,0.08665357,0.0060914843
63.0,0.08723255,0.006188531
63.1,0.087824285,0.006292371
63.2,0.088444255,0.006411524
63.3,0.08908442,0.006543363
63.4,0.08975476,0.0066786758
63.5,0.09043967,0.0068152063
63.6,0.09114261,0.0069532134
63.7,0.0918663,0.007084036
63.8,0.09260438,0.0072063655
63.9,0.09336299,0.0073187915
64.0,0.09413893,0.0074139084
64.1,0.09493482,0.007481785
64.2,0.09574733,0.007523261
64.3,0.09657531,0.0075381813
64.4,0.097421914,0.0075250412
64.5,0.09827969,0.007482072
64.6,0.09916192,0.007418381
64.7,0.10006874,0.007343258
64.8,0.10100203,0.007249905
64.9,0.101963565,0.007139704
65.0,0.10295108,0.0070117214
65.1,0.10397176,0.0068630767
65.2,0.10500704,0.0067010266
65.3,0.106059834,0.0065218024
65.4,0.10713179,0.006330303
65.5,0.108194895,0.0061341627
65.6,0.109247304,0.0059391763
65.7,0.11028441,0.0057541276
65.8,0.11131161,0.005587326
65.9,0.11232314,0.0054414202
66.0,0.11331149,0.005320065
66.1,0.11429106,0.0052231387
66.2,0.115255095,0.0051513975
66.3,0.11620303,0.005102021
66.4,0.11713672,0.0050802794
66.5,0.118040875,0.005091891
66.6,0.11892429,0.005132273
66.7,0.119787544,0.0051979464
66.8,0.12061764,0.005275386
66.9,0.12141714,0.0053670965
67.0,0.12218541,0.005475151
67.1,0.12294482,0.0055851922
67.2,0.12368686,0.0056887097
67.3,0.12440664,0.0057904823
67.4,0.12511748,0.0058914474
67.5,0.1258155,0.0059902235
67.6,0.12649648,0.006085512
67.7,0.12717023,0.00617702
67.8,0.12783284,0.006270255
67.9,0.12849475,0.006356111
68.0,0.12915476,0.006439473
68.1,0.1298194,0.0065175435
68.2,0.13049142,0.0065847607
68.3,0.13117033,0.0066411654
68.4,0.13185175,0.006695304
68.5,0.13254414,0.0067454185
68.6,0.13324533,0.00679325
68.7,0.13395326,0.0068390816
68.8,0.13466968,0.006886489
68.9,0.13538928,0.0069372295
69.0,0.13612418,0.006980049
69.1,0.13686846,0.0070229713
69.2,0.1376222,0.0070610945
69.3,0.13839006,0.007087589
69.4,0.13917153,0.007103207
69.5,0.13995837,0.0071153054
69.6,0.14076105,0.007129728
69.7,0.14158109,0.007150202
69.8,0.14241776,0.0071746088
69.9,0.14326479,0.0072033606
70.0,0.14412221,0.007235842
70.1,0.14498548,0.007266808
70.2,0.14585905,0.0072996328
70.3,0.14674444,0.0073338887
70.4,0.1476429,0.0073619103
70.5,0.14855394,0.007385217
70.6,0.14947069,0.0074121365
70.7,0.1504024,0.007440397
70.8,0.15135409,0.007480165
70.9,0.15232325,0.007531724
71.0,0.15331043,0.007587916
71.1,0.15431464,0.0076507046
71.2,0.1553413,0.0077145314
71.3,0.15639302,0.0077759717
71.4,0.15746228,0.0078357095
71.5,0.1585453,0.007898352
71.6,0.15964565,0.007945932
71.7,0.16076402,0.007982445
71.8,0.1618953,0.008005206
71.9,0.16303694,0.008028153
72.0,0.16418812,0.008051424
72.1,0.16535065,0.008074359
72.2,0.166524,0.008098101
72.3,0.16770959,0.008127951
72.4,0.16891085,0.008158346
72.5,0.17011839,0.008185572
72.6,0.17133775,0.008214578
72.7,0.17257445,0.008239843
72.8,0.17382188,0.00826868
72.9,0.17508893,0.0083006825
73.0,0.1763787,0.008339802
73.1,0.17768897,0.008373241
73.2,0.17901453,0.008415218
73.3,0.18035932,0.008465258
73.4,0.1817211,0.008513241
73.5,0.18310165,0.008571765
73.6,0.18449749,0.008645786
73.7,0.18591371,0.008718286
73.8,0.18734048,0.008795755
73.9,0.18878503,0.008885455
74.0,0.1902502,0.008973463
74.1,0.19173534,0.0090684015
74.2,0.19323675,0.009170305
74.3,0.19476712,0.009269303
74.4,0.19632237,0.009379201
74.5,0.19790542,0.009501237
74.6,0.19952536,0.009621903
74.7,0.20115437,0.009746983
74.8,0.20280744,0.009880663
74.9,0.20449282,0.010024794
75.0,0.2062163,0.010169861
75.1,0.20796268,0.010318943
75.2,0.20973822,0.010489147
75.3,0.21153928,0.01064808
75.4,0.21336988,0.010820191
75.5,0.21522291,0.010996855
75.6,0.21705477,0.011090152
75.7,0.21871887,0.011003332
75.8,0.22023855,0.010763386
75.9,0.22169109,0.0104481
76.0,0.22315647,0.010150108
76.1,0.22464025,0.009905214
76.2,0.22612827,0.009686172
76.3,0.22764556,0.009479143
76.4,0.22916378,0.009283507
76.5,0.23070781,0.009103592
76.6,0.23230943,0.008884645
76.7,0.23391756,0.008659582
76.8,0.23557799,0.008491126
76.9,0.23733541,0.00843722
77.0,0.23919985,0.008410258
77.1,0.24048106,0.008299537
77.2,0.2417647,0.008253352
77.3,nan,nan
77.4,nan,nan
77.5,nan,nan
77.6,nan,nan
77.7,nan,nan
77.8,nan,nan
77.9,nan,nan
78.0,nan,nan
78.1,nan,nan
78.2,nan,nan
78.3,nan,nan
78.4,nan,nan
78.5,nan,nan
78.6,nan,nan
78.7,nan,nan
78.8,nan,nan
78.9,nan,nan
79.0,nan,nan
79.1,nan,nan
79.2,nan,nan
79.3,nan,nan
79.4,nan,nan
79.5,nan,nan
79.6,nan,nan
79.7,nan,nan
79.8,nan,nan
79.9,nan,nan
80.0,nan,nan
80.1,nan,nan
80.2,nan,nan
80.3,nan,nan
80.4,nan,nan
80.5,nan,nan
80.6,nan,nan
80.7,nan,nan
80.8,nan,nan
80.9,nan,nan
81.0,nan,nan
81.1,nan,nan
81.2,nan,nan
81.3,nan,nan
81.4,nan,nan
81.5,nan,nan
81.6,nan,nan
81.7,nan,nan
81.8,nan,nan
81.9,nan,nan
82.0,nan,nan
82.1,nan,nan
82.2,nan,nan
82.3,nan,nan
82.4,nan,nan
82.5,nan,nan
82.6,nan,nan
82.7,nan,nan
82.8,nan,nan
82.9,nan,nan
83.0,nan,nan
83.1,nan,nan
83.2,nan,nan
83.3,nan,nan
83.4,nan,nan
83.5,nan,nan
83.6,nan,nan
83.7,nan,nan
83.8,nan,nan
83.9,nan,nan
84.0,nan,nan
84.1,nan,nan
84.2,nan,nan
84.3,nan,nan
84.4,nan,nan
84.5,nan,nan
84.6,nan,nan
84.7,nan,nan
84.8,nan,nan
84.9,nan,nan
85.0,nan,nan
85.1,nan,nan
85.2,nan,nan
85.3,nan,nan
85.4,nan,nan
85.5,nan,nan
85.6,nan,nan
85.7,nan,nan
85.8,nan,nan
85.9,nan,nan
86.0,nan,nan
86.1,nan,nan
86.2,nan,nan
86.3,nan,nan
86.4,nan,nan
86.5,nan,nan
86.6,nan,nan
86.7,nan,nan
86.8,nan,nan
86.9,nan,nan
87.0,nan,nan
87.1,nan,nan
87.2,nan,nan
87.3,nan,nan
87.4,nan,nan
87.5,nan,nan
87.6,nan,nan
87.7,nan,nan
87.8,nan,nan
87.9,nan,nan
88.0,nan,nan
88.1,nan,nan
88.2,nan,nan
88.3,nan,nan
88.4,nan,nan
88.5,nan,nan
88.6,nan,nan
88.7,nan,nan
88.8,nan,nan
88.9,nan,nan
89.0,nan,nan
89.1,nan,nan
89.2,nan,nan
89.3,nan,nan
89.4,nan,nan
89.5,nan,nan
89.6,nan,nan
89.7,nan,nan
89.8,nan,nan
89.9,nan,nan
90.0,nan,nan
