PC_Latitude,I/F,Error
-90.0,nan,nan
-89.9,nan,nan
-89.8,nan,nan
-89.7,nan,nan
-89.6,nan,nan
-89.5,nan,nan
-89.4,nan,nan
-89.3,nan,nan
-89.2,nan,nan
-89.1,nan,nan
-89.0,nan,nan
-88.9,nan,nan
-88.8,nan,nan
-88.7,nan,nan
-88.6,nan,nan
-88.5,nan,nan
-88.4,nan,nan
-88.3,nan,nan
-88.2,nan,nan
-88.1,nan,nan
-88.0,nan,nan
-87.9,nan,nan
-87.8,nan,nan
-87.7,nan,nan
-87.6,nan,nan
-87.5,nan,nan
-87.4,nan,nan
-87.3,nan,nan
-87.2,nan,nan
-87.1,nan,nan
-87.0,nan,nan
-86.9,nan,nan
-86.8,nan,nan
-86.7,nan,nan
-86.6,nan,nan
-86.5,nan,nan
-86.4,nan,nan
-86.3,nan,nan
-86.2,nan,nan
-86.1,nan,nan
-86.0,nan,nan
-85.9,nan,nan
-85.8,nan,nan
-85.7,nan,nan
-85.6,nan,nan
-85.5,nan,nan
-85.4,nan,nan
-85.3,nan,nan
-85.2,nan,nan
-85.1,nan,nan
-85.0,nan,nan
-84.9,nan,nan
-84.8,nan,nan
-84.7,nan,nan
-84.6,nan,nan
-84.5,nan,nan
-84.4,nan,nan
-84.3,nan,nan
-84.2,nan,nan
-84.1,nan,nan
-84.0,nan,nan
-83.9,nan,nan
-83.8,nan,nan
-83.7,nan,nan
-83.6,nan,nan
-83.5,nan,nan
-83.4,nan,nan
-83.3,nan,nan
-83.2,nan,nan
-83.1,nan,nan
-83.0,nan,nan
-82.9,nan,nan
-82.8,nan,nan
-82.7,nan,nan
-82.6,nan,nan
-82.5,nan,nan
-82.4,nan,nan
-82.3,nan,nan
-82.2,nan,nan
-82.1,nan,nan
-82.0,nan,nan
-81.9,nan,nan
-81.8,nan,nan
-81.7,nan,nan
-81.6,nan,nan
-81.5,nan,nan
-81.4,nan,nan
-81.3,nan,nan
-81.2,nan,nan
-81.1,nan,nan
-81.0,nan,nan
-80.9,nan,nan
-80.8,nan,nan
-80.7,nan,nan
-80.6,nan,nan
-80.5,nan,nan
-80.4,nan,nan
-80.3,nan,nan
-80.2,nan,nan
-80.1,nan,nan
-80.0,nan,nan
-79.9,nan,nan
-79.8,nan,nan
-79.7,nan,nan
-79.6,0.3288447,0.00435116
-79.5,0.3286571,0.005451342
-79.4,0.32793486,0.0063050482
-79.3,0.3266238,0.007485123
-79.2,0.32479516,0.008505735
-79.1,0.32301956,0.009178323
-79.0,0.32130894,0.009724128
-78.9,0.31967714,0.010258794
-78.8,0.31797177,0.010790132
-78.7,0.31631115,0.011291563
-78.6,0.3146425,0.011804527
-78.5,0.31296256,0.012325144
-78.4,0.31126344,0.012814812
-78.3,0.3095131,0.013302613
-78.2,0.30774307,0.013809419
-78.1,0.3059708,0.014323247
-78.0,0.30425033,0.014833956
-77.9,0.30252546,0.015359667
-77.8,0.3005607,0.015719356
-77.7,0.29837602,0.015864838
-77.6,0.2959684,0.015793286
-77.5,0.29359007,0.01573124
-77.4,0.291258,0.015654858
-77.3,0.28895617,0.01558844
-77.2,0.28667775,0.015532776
-77.1,0.2844218,0.015475081
-77.0,0.28220022,0.015418487
-76.9,0.28000742,0.015370264
-76.8,0.27782902,0.015335915
-76.7,0.2756922,0.015301416
-76.6,0.2735782,0.015292967
-76.5,0.27148265,0.015309744
-76.4,0.26942244,0.015322342
-76.3,0.26739416,0.015346819
-76.2,0.26540878,0.015368249
-76.1,0.26347765,0.015380596
-76.0,0.261588,0.015394904
-75.9,0.25972447,0.015414555
-75.8,0.25789186,0.015420391
-75.7,0.25608164,0.015405568
-75.6,0.2542943,0.015369063
-75.5,0.25252372,0.015300367
-75.4,0.25078228,0.015238637
-75.3,0.24906078,0.015171281
-75.2,0.2473476,0.015087952
-75.1,0.2456586,0.014968822
-75.0,0.24398671,0.014835391
-74.9,0.24232824,0.014704512
-74.8,0.24068914,0.014565987
-74.7,0.23906545,0.01442462
-74.6,0.23745835,0.014279573
-74.5,0.23587632,0.014136606
-74.4,0.23430687,0.014004846
-74.3,0.23273708,0.013878121
-74.2,0.23116626,0.013753197
-74.1,0.22960393,0.013636715
-74.0,0.2280565,0.013527017
-73.9,0.22653003,0.013421093
-73.8,0.22502732,0.013330474
-73.7,0.2235477,0.013253509
-73.6,0.22209029,0.013189212
-73.5,0.22065239,0.013127262
-73.4,0.21924494,0.01308289
-73.3,0.21786594,0.01306065
-73.2,0.21651018,0.013064048
-73.1,0.21517417,0.013071696
-73.0,0.21385646,0.013073519
-72.9,0.21256219,0.013075511
-72.8,0.21128727,0.013073177
-72.7,0.21002409,0.013072779
-72.6,0.20877221,0.0130662555
-72.5,0.2075334,0.013047259
-72.4,0.20630231,0.013028235
-72.3,0.20508389,0.01301399
-72.2,0.2038795,0.012990442
-72.1,0.20267257,0.012960879
-72.0,0.20147233,0.012918427
-71.9,0.2002805,0.012870537
-71.8,0.19909407,0.012814755
-71.7,0.19790986,0.012746428
-71.6,0.19672248,0.0126591725
-71.5,0.1955386,0.012575766
-71.4,0.19435644,0.012493259
-71.3,0.19317186,0.012412881
-71.2,0.19199216,0.012332636
-71.1,0.19082339,0.012254392
-71.0,0.18965274,0.012183703
-70.9,0.18848708,0.012117523
-70.8,0.18733564,0.0120473355
-70.7,0.18617898,0.011996784
-70.6,0.185024,0.011950089
-70.5,0.1838666,0.011906443
-70.4,0.18271507,0.0118652955
-70.3,0.18155551,0.011835318
-70.2,0.1803761,0.011822061
-70.1,0.17918263,0.011820024
-70.0,0.17799272,0.011826445
-69.9,0.17680378,0.011860858
-69.8,0.17562242,0.011921392
-69.7,0.17445388,0.011998854
-69.6,0.17328545,0.012094721
-69.5,0.17212841,0.012204858
-69.4,0.17097887,0.012332387
-69.3,0.1698381,0.012471885
-69.2,0.1686936,0.012622048
-69.1,0.16753641,0.012788346
-69.0,0.16638035,0.012966641
-68.9,0.16521004,0.01316413
-68.8,0.16401741,0.013388284
-68.7,0.1628093,0.013631002
-68.6,0.16160026,0.0138883125
-68.5,0.16037837,0.014130408
-68.4,0.15914819,0.014346827
-68.3,0.15789735,0.014548433
-68.2,0.15663229,0.014741449
-68.1,0.15534583,0.014921962
-68.0,0.15404645,0.015090095
-67.9,0.1527379,0.015249189
-67.8,0.15140176,0.015409157
-67.7,0.15004933,0.015557877
-67.6,0.1486888,0.01570283
-67.5,0.1473199,0.015837405
-67.4,0.14595194,0.015959
-67.3,0.14458236,0.016069565
-67.2,0.14322507,0.01614865
-67.1,0.14187369,0.016197344
-67.0,0.14053668,0.0162162
-66.9,0.13923098,0.016193904
-66.8,0.13793688,0.016137844
-66.7,0.13665931,0.01605048
-66.6,0.13536781,0.015940066
-66.5,0.13406578,0.015802624
-66.4,0.13275589,0.01564097
-66.3,0.13142477,0.01546154
-66.2,0.13007699,0.015255534
-66.1,0.12870163,0.015021045
-66.0,0.12727788,0.014765277
-65.9,0.1257894,0.014470538
-65.8,0.12423009,0.014134569
-65.7,0.12260527,0.013794133
-65.6,0.12090885,0.013468974
-65.5,0.119151786,0.01314799
-65.4,0.11734738,0.012854692
-65.3,0.11551584,0.0126022585
-65.2,0.1136579,0.012384995
-65.1,0.11179339,0.012207546
-65.0,0.109940335,0.012071793
-64.9,0.10808528,0.011978809
-64.8,0.10624337,0.011917969
-64.7,0.10440886,0.011890061
-64.6,0.102590755,0.011884479
-64.5,0.1007911,0.0118673
-64.4,0.09900177,0.011832888
-64.3,0.09723576,0.011766915
-64.2,0.09548927,0.011656342
-64.1,0.09376911,0.011499968
-64.0,0.092064165,0.011296349
-63.9,0.09037185,0.011060305
-63.8,0.0886887,0.010791909
-63.7,0.087015525,0.010496177
-63.6,0.08535836,0.0101885535
-63.5,0.08371341,0.00986774
-63.4,0.08210751,0.00954609
-63.3,0.080536336,0.009243068
-63.2,0.07902081,0.008962123
-63.1,0.07756422,0.008713995
-63.0,0.076170556,0.008505812
-62.9,0.07483813,0.008342764
-62.8,0.07355227,0.008210757
-62.7,0.07230907,0.008108286
-62.6,0.071124256,0.008039002
-62.5,0.06999015,0.008000219
-62.4,0.06891268,0.007994971
-62.3,0.0678847,0.008010727
-62.2,0.06689161,0.008040812
-62.1,0.065947354,0.008056044
-62.0,0.06502048,0.008028395
-61.9,0.06411998,0.007954818
-61.8,0.06323395,0.007816087
-61.7,0.06237582,0.007648844
-61.6,0.061542444,0.007436172
-61.5,0.06075747,0.007224087
-61.4,0.060012873,0.0070173256
-61.3,0.0593403,0.00680817
-61.2,0.0587089,0.006589514
-61.1,0.058135834,0.0063561606
-61.0,0.05760434,0.0061286357
-60.9,0.05711036,0.005912289
-60.8,0.05663626,0.0057143113
-60.7,0.05616354,0.005547648
-60.6,0.055686336,0.0054111225
-60.5,0.055200405,0.0052999407
-60.4,0.054705728,0.0052119303
-60.3,0.05421834,0.0051335488
-60.2,0.053747505,0.0050661676
-60.1,0.05330023,0.004999258
-60.0,0.052877095,0.004936616
-59.9,0.052475885,0.004876398
-59.8,0.052103154,0.004822324
-59.7,0.051751208,0.004782966
-59.6,0.05142502,0.004758482
-59.5,0.05112323,0.004753188
-59.4,0.05084199,0.00476529
-59.3,0.050585307,0.004781058
-59.2,0.05033759,0.0047959085
-59.1,0.0501126,0.0047986265
-59.0,0.049903285,0.004796763
-58.9,0.04972909,0.0047863764
-58.8,0.049600232,0.0047810217
-58.7,0.049520202,0.00478393
-58.6,0.049508654,0.0047921375
-58.5,0.049549952,0.0048009926
-58.4,0.04965702,0.0048071905
-58.3,0.049809918,0.004816179
-58.2,0.050009094,0.0048248833
-58.1,0.050249893,0.0048322976
-58.0,0.050519243,0.0048394324
-57.9,0.050805748,0.004830944
-57.8,0.051091965,0.004810983
-57.7,0.051355857,0.0047703716
-57.6,0.05159401,0.004722017
-57.5,0.05178478,0.0046746214
-57.4,0.05193455,0.0046325824
-57.3,0.052034635,0.0046035904
-57.2,0.052080624,0.004571247
-57.1,0.052078437,0.0045413445
-57.0,0.052019518,0.004500231
-56.9,0.05192847,0.0044571576
-56.8,0.0517998,0.0044042645
-56.7,0.051654387,0.0043496313
-56.6,0.05148299,0.0042919023
-56.5,0.05129183,0.004238221
-56.4,0.051077537,0.0041899593
-56.3,0.05085266,0.004152067
-56.2,0.050621133,0.0041271057
-56.1,0.050387505,0.004114234
-56.0,0.050153706,0.0041117626
-55.9,0.049929403,0.004120983
-55.8,0.04971767,0.0041439515
-55.7,0.049524456,0.004171457
-55.6,0.049345657,0.004196522
-55.5,0.049171276,0.0042128195
-55.4,0.04899465,0.0042254734
-55.3,0.048810434,0.004233487
-55.2,0.04862639,0.0042426893
-55.1,0.04844857,0.0042531015
-55.0,0.04828327,0.004267397
-54.9,0.04813499,0.0042859693
-54.8,0.04799921,0.004310286
-54.7,0.04786987,0.0043389765
-54.6,0.04774659,0.0043728054
-54.5,0.047628984,0.0044054193
-54.4,0.047530446,0.00443395
-54.3,0.04744784,0.0044570114
-54.2,0.047383003,0.0044753887
-54.1,0.047326915,0.0044947793
-54.0,0.047283247,0.004507883
-53.9,0.047251873,0.0045233597
-53.8,0.04724281,0.004539196
-53.7,0.047259502,0.004574715
-53.6,0.047317516,0.0046295854
-53.5,0.04740897,0.004712673
-53.4,0.047535513,0.0048162006
-53.3,0.047680497,0.0049391063
-53.2,0.047828875,0.0050374377
-53.1,0.047968034,0.0050989105
-53.0,0.048078757,0.005082237
-52.9,0.04816494,0.0050177877
-52.8,0.048226237,0.00491326
-52.7,0.048271757,0.0048175566
-52.6,0.04830607,0.00474539
-52.5,0.048329692,0.004710535
-52.4,0.048339292,0.00470919
-52.3,0.048336327,0.004732802
-52.2,0.048324242,0.0047634295
-52.1,0.04830983,0.0047948956
-52.0,0.048296727,0.0048196553
-51.9,0.04828365,0.0048461626
-51.8,0.048279002,0.0048776367
-51.7,0.048282526,0.0049212333
-51.6,0.048293464,0.0049704737
-51.5,0.048307255,0.005023694
-51.4,0.04831271,0.0050601927
-51.3,0.04831385,0.0050799637
-51.2,0.048308574,0.005075002
-51.1,0.048309427,0.0050593587
-51.0,0.048312485,0.0050361967
-50.9,0.048321664,0.0050086207
-50.8,0.048335623,0.004985223
-50.7,0.04835946,0.004972388
-50.6,0.048394173,0.004980752
-50.5,0.04844886,0.0050090537
-50.4,0.048523042,0.005054117
-50.3,0.04862353,0.0051071187
-50.2,0.048737764,0.005166783
-50.1,0.04885513,0.0052186777
-50.0,0.048957154,0.0052608172
-49.9,0.0490265,0.005271759
-49.8,0.04906145,0.0052523464
-49.7,0.049048293,0.0051961606
-49.6,0.04901127,0.005119512
-49.5,0.048958354,0.005036089
-49.4,0.04895232,0.0049715354
-49.3,0.04900618,0.0049341023
-49.2,0.04916467,0.0049250056
-49.1,0.049397536,0.004927013
-49.0,0.04969806,0.004925902
-48.9,0.050024617,0.0049211923
-48.8,0.05036501,0.0049183387
-48.7,0.050696682,0.004929105
-48.6,0.051009495,0.0049536745
-48.5,0.051289875,0.004990808
-48.4,0.051534582,0.0050407653
-48.3,0.05172864,0.005102929
-48.2,0.051876467,0.005173244
-48.1,0.05197366,0.0052431147
-48.0,0.05203046,0.0053073578
-47.9,0.05204597,0.0053609703
-47.8,0.052035324,0.005401518
-47.7,0.05200443,0.0054313717
-47.6,0.05195822,0.00545254
-47.5,0.05189467,0.005472264
-47.4,0.051813085,0.0054832976
-47.3,0.05172359,0.0054884856
-47.2,0.051637277,0.0054752543
-47.1,0.05157341,0.0054588327
-47.0,0.051528435,0.0054236543
-46.9,0.051474504,0.005362992
-46.8,0.051394105,0.005272971
-46.7,0.051279064,0.005176785
-46.6,0.05115055,0.0051014037
-46.5,0.051011108,0.005049768
-46.4,0.050871607,0.0050215228
-46.3,0.050734766,0.0050172447
-46.2,0.050600775,0.0050277393
-46.1,0.050468165,0.0050471225
-46.0,0.05033068,0.005063106
-45.9,0.050193485,0.005073775
-45.8,0.05005884,0.005075204
-45.7,0.049939666,0.0050717317
-45.6,0.04983868,0.005072982
-45.5,0.04976168,0.005084358
-45.4,0.04970098,0.005103894
-45.3,0.049649864,0.0051226155
-45.2,0.04958862,0.005126436
-45.1,0.049513128,0.005118942
-45.0,0.049417455,0.0050983136
-44.9,0.049316935,0.005074527
-44.8,0.049211483,0.00503471
-44.7,0.049105126,0.004976097
-44.6,0.04899284,0.004896246
-44.5,0.048878666,0.0048116017
-44.4,0.04877253,0.004728391
-44.3,0.04867507,0.004650151
-44.2,0.048588622,0.0045654615
-44.1,0.04851514,0.0044815713
-44.0,0.048468847,0.0044028847
-43.9,0.04845772,0.004340998
-43.8,0.04847777,0.004295971
-43.7,0.048516113,0.00427286
-43.6,0.04856076,0.0042746076
-43.5,0.0486052,0.0042992854
-43.4,0.048637755,0.0043370067
-43.3,0.04865299,0.004379933
-43.2,0.048642203,0.0044211643
-43.1,0.048607957,0.004459183
-43.0,0.048550937,0.004495571
-42.9,0.048489947,0.004532214
-42.8,0.048438374,0.004574452
-42.7,0.048408486,0.0046171956
-42.6,0.04839806,0.0046536517
-42.5,0.048401225,0.0046780063
-42.4,0.04840876,0.004695628
-42.3,0.04840488,0.00471265
-42.2,0.04838396,0.004733851
-42.1,0.04834934,0.004752141
-42.0,0.04831002,0.004772531
-41.9,0.048267346,0.0047969962
-41.8,0.04821971,0.0048299315
-41.7,0.048165146,0.0048679933
-41.6,0.04810831,0.0049046893
-41.5,0.048041947,0.0049300776
-41.4,0.047964457,0.0049411724
-41.3,0.047866903,0.0049370523
-41.2,0.047758408,0.004935118
-41.1,0.04764398,0.004950179
-41.0,0.04753151,0.0049645538
-40.9,0.047420777,0.004950512
-40.8,0.04731029,0.0048885187
-40.7,0.047212347,0.0048140143
-40.6,0.04713168,0.004751277
-40.5,0.047074594,0.004715058
-40.4,0.047039684,0.0046906215
-40.3,0.04703674,0.0046706437
-40.2,0.047076065,0.004644979
-40.1,0.047160268,0.0046127522
-40.0,0.04727746,0.0045782086
-39.9,0.047410574,0.00455059
-39.8,0.047542784,0.0045368304
-39.7,0.047674853,0.004546696
-39.6,0.047808938,0.004577604
-39.5,0.04796028,0.0046128146
-39.4,0.04812969,0.004636341
-39.3,0.04832478,0.0046416204
-39.2,0.048547707,0.004641578
-39.1,0.048799332,0.004645792
-39.0,0.049072362,0.0046704505
-38.9,0.049348935,0.004711091
-38.8,0.049621835,0.0047618337
-38.7,0.0498939,0.0048098625
-38.6,0.0501749,0.0048635066
-38.5,0.05047633,0.00493312
-38.4,0.050806917,0.005035001
-38.3,0.05118183,0.0051788283
-38.2,0.051602643,0.005372145
-38.1,0.052067377,0.0056111547
-38.0,0.052561756,0.0058887484
-37.9,0.053083874,0.0061965124
-37.8,0.053615116,0.006538495
-37.7,0.054142024,0.006918168
-37.6,0.054639217,0.007331367
-37.5,0.05509951,0.007757438
-37.4,0.055515185,0.008166925
-37.3,0.055882167,0.008532642
-37.2,0.056202274,0.008832818
-37.1,0.056476444,0.009052491
-37.0,0.05671295,0.009188836
-36.9,0.05690257,0.009246922
-36.8,0.05703682,0.009246696
-36.7,0.057090968,0.009191918
-36.6,0.057062324,0.009090078
-36.5,0.05695402,0.008941508
-36.4,0.056785442,0.008751062
-36.3,0.056574456,0.008508672
-36.2,0.05633505,0.008209847
-36.1,0.056078218,0.007860338
-36.0,0.055801388,0.007479692
-35.9,0.055492893,0.0070888563
-35.8,0.05513575,0.006713944
-35.7,0.054719113,0.0063715447
-35.6,0.054240227,0.0060625146
-35.5,0.053719487,0.0057903915
-35.4,0.053180646,0.005562218
-35.3,0.052807868,0.005286128
-35.2,0.05246548,0.0050607244
-35.1,0.05217595,0.004866504
-35.0,0.051811915,0.0047927103
-34.9,0.05152636,0.004722987
-34.8,0.0513138,0.00466241
-34.7,0.05115159,0.0045987284
-34.6,0.051013973,0.0045231553
-34.5,0.05087709,0.0044182288
-34.4,0.050747834,0.004287295
-34.3,0.05064411,0.004137575
-34.2,0.05059228,0.0039834767
-34.1,0.0505967,0.003833735
-34.0,0.05065248,0.0037005406
-33.9,0.050751053,0.0036173542
-33.8,0.05088442,0.0036166203
-33.7,0.051032413,0.0037077954
-33.6,0.051165674,0.0038668066
-33.5,0.05124565,0.004042852
-33.4,0.05125102,0.0042058737
-33.3,0.051184744,0.0043399697
-33.2,0.05106142,0.00444231
-33.1,0.050887454,0.0044862996
-33.0,0.05067953,0.0044659125
-32.9,0.050473362,0.004388725
-32.8,0.050320208,0.004297067
-32.7,0.050251693,0.0042137196
-32.6,0.05027321,0.0041566603
-32.5,0.050363805,0.004114242
-32.4,0.050495457,0.0040743058
-32.3,0.050663352,0.004020982
-32.2,0.050878767,0.0039530057
-32.1,0.05115009,0.003863777
-32.0,0.05146738,0.0037476993
-31.9,0.051823482,0.003616812
-31.8,0.052222215,0.0034913418
-31.7,0.052662652,0.0033923443
-31.6,0.053130545,0.0033082312
-31.5,0.05359334,0.003218564
-31.4,0.05401781,0.003109915
-31.3,0.05439232,0.0030208896
-31.2,0.05470876,0.0029957255
-31.1,0.05497343,0.0030688099
-31.0,0.05519516,0.0032375825
-30.9,0.055385955,0.0034752844
-30.8,0.055557907,0.0037467272
-30.7,0.055705596,0.0040090447
-30.6,0.05582794,0.0042327708
-30.5,0.05591975,0.00439919
-30.4,0.055976596,0.0044954247
-30.3,0.056000385,0.0045192335
-30.2,0.055998355,0.004480179
-30.1,0.055981267,0.004398277
-30.0,0.055951044,0.004298015
-29.9,0.05589991,0.004219631
-29.8,0.055816345,0.0041568093
-29.7,0.05571055,0.0041319258
-29.6,0.055609263,0.0041528125
-29.5,0.05553662,0.0042562983
-29.4,0.055515215,0.0044347346
-29.3,0.05555919,0.004661334
-29.2,0.055663276,0.0049009984
-29.1,0.055798415,0.005110471
-29.0,0.05593298,0.0052712774
-28.9,0.0560452,0.0053838836
-28.8,0.056122325,0.0054592774
-28.7,0.056163844,0.005508261
-28.6,0.05617287,0.005547076
-28.5,0.056161813,0.0055977954
-28.4,0.056131426,0.0056699077
-28.3,0.05608438,0.005768621
-28.2,0.056028385,0.00588903
-28.1,0.055975396,0.0060254787
-28.0,0.05592814,0.006167355
-27.9,0.055895682,0.0063017393
-27.8,0.055894263,0.0064184642
-27.7,0.05594446,0.0065023066
-27.6,0.056041576,0.00654797
-27.5,0.056177124,0.0065571037
-27.4,0.05634634,0.00653888
-27.3,0.0565386,0.0065108063
-27.2,0.056739613,0.0064974353
-27.1,0.05694135,0.006521271
-27.0,0.05715087,0.006564165
-26.9,0.05737661,0.006579264
-26.8,0.05761389,0.006517361
-26.7,0.057839423,0.006359287
-26.6,0.058037505,0.0061287098
-26.5,0.05823166,0.0058730296
-26.4,0.05847912,0.005638209
-26.3,0.058812782,0.0054522827
-26.2,0.059217714,0.005292308
-26.1,0.059642963,0.005121519
-26.0,0.06006295,0.0049225832
-25.9,0.060467456,0.004707287
-25.8,0.06084555,0.0045032185
-25.7,0.061181575,0.0043236776
-25.6,0.06145112,0.00418053
-25.5,0.061652686,0.0040688
-25.4,0.061784394,0.0039612153
-25.3,0.06174097,0.003998823
-25.2,0.06174526,0.0040524267
-25.1,0.06186743,0.0041606626
-25.0,0.06228895,0.004200045
-24.9,0.06285514,0.0042969524
-24.8,0.0635156,0.004420197
-24.7,0.06417903,0.0045337104
-24.6,0.06476624,0.0046134754
-24.5,0.065230735,0.004656354
-24.4,0.06556985,0.0046834205
-24.3,0.06579917,0.0047118743
-24.2,0.06595356,0.004729616
-24.1,0.066072054,0.004724773
-24.0,0.066185884,0.0046928073
-23.9,0.06629972,0.004663022
-23.8,0.06641543,0.0046498156
-23.7,0.06654215,0.004670058
-23.6,0.06669692,0.0047201393
-23.5,0.06688503,0.0048046964
-23.4,0.06709015,0.004917044
-23.3,0.06728023,0.0050684186
-23.2,0.067439206,0.0052398634
-23.1,0.06758166,0.0054119327
-23.0,0.06773136,0.005576399
-22.9,0.06789095,0.0057445117
-22.8,0.068034805,0.005941486
-22.7,0.06814496,0.006171319
-22.6,0.06824725,0.0064427094
-22.5,0.06840391,0.0067313267
-22.4,0.06867735,0.0069928113
-22.3,0.06907236,0.0071729533
-22.2,0.06953381,0.0072575416
-22.1,0.0700034,0.007276943
-22.0,0.070444584,0.007282746
-21.9,0.070834555,0.0072988197
-21.8,0.07115878,0.0073426208
-21.7,0.07141045,0.007412682
-21.6,0.07161551,0.007496133
-21.5,0.07179418,0.007552376
-21.4,0.0719503,0.007554825
-21.3,0.07206536,0.0075109676
-21.2,0.07211167,0.007438463
-21.1,0.07206871,0.0073582497
-21.0,0.071936235,0.007286278
-20.9,0.071736254,0.0072487737
-20.8,0.07150545,0.007251793
-20.7,0.07128078,0.0072851097
-20.6,0.071090505,0.007345203
-20.5,0.07095657,0.007434745
-20.4,0.070894495,0.007570642
-20.3,0.07091399,0.0077434885
-20.2,0.07099723,0.007928358
-20.1,0.071109824,0.008082926
-20.0,0.07121205,0.008192431
-19.9,0.071285054,0.008267194
-19.8,0.07132134,0.008320171
-19.7,0.07132405,0.008343168
-19.6,0.07131602,0.008306279
-19.5,0.0713264,0.008182644
-19.4,0.07139359,0.007966225
-19.3,0.07152425,0.007669953
-19.2,0.07170319,0.0073157735
-19.1,0.0718758,0.006939393
-19.0,0.07200017,0.0065800734
-18.9,0.07205816,0.0062666712
-18.8,0.07206014,0.0060433764
-18.7,0.07200746,0.0058960794
-18.6,0.071869224,0.005804083
-18.5,0.071624495,0.005758995
-18.4,0.071290046,0.005786503
-18.3,0.07091826,0.00589003
-18.2,0.07055294,0.006008428
-18.1,0.070205964,0.0060950615
-18.0,0.069862284,0.0061426815
-17.9,0.069483615,0.00614756
-17.8,0.06903107,0.00610561
-17.7,0.06849843,0.006024335
-17.6,0.06790411,0.0059339837
-17.5,0.06727747,0.0058725444
-17.4,0.06662733,0.0058537675
-17.3,0.0659717,0.0058657103
-17.2,0.065331504,0.00590108
-17.1,0.06474235,0.005945628
-17.0,0.064209215,0.005990626
-16.9,0.06373165,0.006032304
-16.8,0.06328243,0.0060917675
-16.7,0.06285576,0.0061886245
-16.6,0.062443424,0.0063242773
-16.5,0.062050525,0.0064746253
-16.4,0.061678115,0.006620116
-16.3,0.061326068,0.0067599034
-16.2,0.06100091,0.0068984777
-16.1,0.060704976,0.0070330985
-16.0,0.06044794,0.0071559614
-15.9,0.06023799,0.0072812214
-15.8,0.060091455,0.0074293558
-15.7,0.060015995,0.007614502
-15.6,0.060008213,0.0078322925
-15.5,0.060035504,0.008056103
-15.4,0.0600511,0.0082465615
-15.3,0.060018882,0.008369445
-15.2,0.0599394,0.008410817
-15.1,0.059836518,0.008392485
-15.0,0.059730757,0.008353543
-14.9,0.059634447,0.008326187
-14.8,0.059547327,0.008319435
-14.7,0.059483245,0.008325519
-14.6,0.059454992,0.008364919
-14.5,0.05947242,0.008451425
-14.4,0.059533883,0.008597275
-14.3,0.059617482,0.008785127
-14.2,0.059715126,0.008998602
-14.1,0.059827305,0.00920622
-14.0,0.059976324,0.009364945
-13.9,0.060168054,0.009435026
-13.8,0.060383417,0.0094121145
-13.7,0.060600057,0.00933121
-13.6,0.060816415,0.009240637
-13.5,0.06104959,0.009174924
-13.4,0.061310023,0.009146385
-13.3,0.061591838,0.009165322
-13.2,0.0618765,0.009232864
-13.1,0.062149666,0.009335433
-13.0,0.062388238,0.009432562
-12.9,0.06257413,0.009481634
-12.8,0.062719226,0.009467171
-12.7,0.062883586,0.009417799
-12.6,0.0631372,0.009382918
-12.5,0.06350309,0.009403083
-12.4,0.06394873,0.009468554
-12.3,0.06441338,0.009533649
-12.2,0.06484841,0.009557001
-12.1,0.06522455,0.009506348
-12.0,0.065541334,0.009363264
-11.9,0.06579783,0.00910257
-11.8,0.06599397,0.008741406
-11.7,0.066141725,0.008334814
-11.6,0.06627282,0.007951272
-11.5,0.06643048,0.0076273964
-11.4,0.066631995,0.007364612
-11.3,0.0668785,0.007154466
-11.2,0.06715202,0.00700398
-11.1,0.06742668,0.0069114
-11.0,0.06768476,0.006898421
-10.9,0.06791912,0.0069530825
-10.8,0.06812866,0.0070574367
-10.7,0.06830082,0.0071539585
-10.6,0.06842446,0.007211078
-10.5,0.06849101,0.0072204545
-10.4,0.06851901,0.0071848086
-10.3,0.06852391,0.0071015735
-10.2,0.06851953,0.006977573
-10.1,0.06850394,0.00685346
-10.0,0.06847638,0.006755106
-9.9,0.0686122,0.006742883
-9.8,0.068717875,0.006703869
-9.7,0.06879523,0.006639209
-9.6,0.068689436,0.006510753
-9.5,0.06857609,0.00640878
-9.4,0.0684518,0.0063397894
-9.3,0.068326406,0.006289117
-9.2,0.0682114,0.0062416997
-9.1,0.06812567,0.0061903056
-9.0,0.06805614,0.00614378
-8.9,0.06796561,0.0060968045
-8.8,0.067798994,0.006034718
-8.7,0.0675199,0.005941495
-8.6,0.06712124,0.00581387
-8.5,0.06662747,0.0056481957
-8.4,0.06607302,0.005446818
-8.3,0.06550031,0.005214183
-8.2,0.0649383,0.0049591158
-8.1,0.06440468,0.0047033685
-8.0,0.063911654,0.0044745337
-7.9,0.06348103,0.004301017
-7.8,0.06315493,0.0041816584
-7.7,0.06297247,0.0040926193
-7.6,0.06294189,0.0040163635
-7.5,0.06304554,0.003952106
-7.4,0.06324333,0.0039058726
-7.3,0.06350947,0.0038885598
-7.2,0.063813046,0.0038975733
-7.1,0.064139664,0.0039255717
-7.0,0.064482495,0.003967551
-6.9,0.06486003,0.004027477
-6.8,0.06528676,0.0041095936
-6.7,0.065766096,0.0041992404
-6.6,0.066297606,0.0042830044
-6.5,0.06688747,0.004362889
-6.4,0.06755652,0.0044703223
-6.3,0.06829958,0.0046596816
-6.2,0.0690768,0.004819211
-6.1,0.06985485,0.004950463
-6.0,0.07064122,0.005027474
-5.9,0.0714801,0.0051351534
-5.8,0.07239172,0.0052582896
-5.7,0.07334784,0.00537348
-5.6,0.0743028,0.005491745
-5.5,0.075225346,0.00562749
-5.4,0.0761248,0.0058025327
-5.3,0.07701744,0.0060155177
-5.2,0.07791626,0.006228493
-5.1,0.078812756,0.0063977237
-5.0,0.07971772,0.0065153064
-4.9,0.08065619,0.006616397
-4.8,0.08166226,0.006739081
-4.7,0.082745425,0.0068976493
-4.6,0.08387919,0.007081509
-4.5,0.08502646,0.0072756954
-4.4,0.08615401,0.007479297
-4.3,0.08726227,0.0077074817
-4.2,0.08837038,0.007971062
-4.1,0.08950146,0.008247872
-4.0,0.090667464,0.008505225
-3.9,0.0918802,0.00872497
-3.8,0.093150556,0.008918875
-3.7,0.09449388,0.009101459
-3.6,0.09592511,0.009272989
-3.5,0.0974475,0.009423654
-3.4,0.099064365,0.009551432
-3.3,0.10076317,0.009676147
-3.2,0.10252708,0.009801453
-3.1,0.1043204,0.00992798
-3.0,0.10610498,0.010043273
-2.9,0.10784844,0.010134643
-2.8,0.109524466,0.010186433
-2.7,0.111119,0.010200284
-2.6,0.1126225,0.010190023
-2.5,0.11403753,0.010174849
-2.4,0.115373105,0.010170258
-2.3,0.116652444,0.010179557
-2.2,0.11789161,0.010204718
-2.1,0.11909351,0.010242915
-2.0,0.120249294,0.010300507
-1.9,0.12133921,0.010370823
-1.8,0.1223454,0.01045294
-1.7,0.123257615,0.010546046
-1.6,0.124083556,0.010661102
-1.5,0.124842755,0.010798126
-1.4,0.12555826,0.010937357
-1.3,0.12625171,0.011049235
-1.2,0.12691663,0.011133263
-1.1,0.12753834,0.0112028355
-1.0,0.12809429,0.011271432
-0.9,0.12858026,0.011325212
-0.8,0.12899478,0.011354084
-0.7,0.12933417,0.011369546
-0.6,0.12960632,0.011396157
-0.5,0.12980646,0.011447608
-0.4,0.1299386,0.011527232
-0.3,0.13001305,0.011625749
-0.2,0.13004333,0.011737055
-0.1,0.13003555,0.011845446
-0.0,0.12998697,0.011923703
0.1,0.1299,0.011949423
0.2,0.1297792,0.011911058
0.3,0.12961356,0.011810134
0.4,0.12940155,0.011674506
0.5,0.12914254,0.011532503
0.6,0.12883756,0.011418099
0.7,0.12847058,0.011335958
0.8,0.12803362,0.011287439
0.9,0.1275296,0.011262502
1.0,0.12697403,0.011267266
1.1,0.12638174,0.011292031
1.2,0.12576915,0.011330576
1.3,0.1251392,0.011368482
1.4,0.12447919,0.011406496
1.5,0.123756796,0.011456875
1.6,0.122955196,0.011520648
1.7,0.122068875,0.01160266
1.8,0.12110543,0.011705792
1.9,0.120078854,0.0118304165
2.0,0.119019285,0.011962179
2.1,0.11795662,0.012080672
2.2,0.116901234,0.012158471
2.3,0.11584498,0.01218002
2.4,0.11478438,0.012134575
2.5,0.1137157,0.0120338835
2.6,0.11265137,0.011892806
2.7,0.1116148,0.011732881
2.8,0.11063316,0.011558223
2.9,0.10970896,0.011358472
3.0,0.10882689,0.011107623
3.1,0.10798012,0.010816555
3.2,0.107155256,0.010502896
3.3,0.10633437,0.010191408
3.4,0.105509646,0.0098841535
3.5,0.10469672,0.009574502
3.6,0.10390854,0.009245849
3.7,0.10314939,0.008893377
3.8,0.10242485,0.008540222
3.9,0.10174875,0.008238389
4.0,0.10112423,0.008021827
4.1,0.10052987,0.007896584
4.2,0.0999532,0.007844457
4.3,0.09939613,0.007840647
4.4,0.09886895,0.007869534
4.5,0.098376244,0.007909003
4.6,0.097910166,0.007944729
4.7,0.09746773,0.007963848
4.8,0.09702731,0.007966954
4.9,0.0965693,0.007948612
5.0,0.09607384,0.0079132365
5.1,0.09553986,0.007869735
5.2,0.094978355,0.007850757
5.3,0.09441063,0.007877064
5.4,0.09385741,0.007962295
5.5,0.09332965,0.008117178
5.6,0.09284458,0.008335869
5.7,0.09242262,0.008597519
5.8,0.09206871,0.008867689
5.9,0.09177064,0.009124177
6.0,0.09149512,0.009357445
6.1,0.09122982,0.009567911
6.2,0.09096571,0.009763087
6.3,0.09069243,0.009947713
6.4,0.090392694,0.010130174
6.5,0.090046406,0.010306174
6.6,0.08966464,0.010476807
6.7,0.08926993,0.01062043
6.8,0.088887565,0.010723885
6.9,0.08852545,0.010776652
7.0,0.08819465,0.010769032
7.1,0.08789025,0.010683314
7.2,0.08759655,0.010509084
7.3,0.08728192,0.010261787
7.4,0.08693752,0.009974769
7.5,0.08656949,0.009684566
7.6,0.086182944,0.009423368
7.7,0.08577719,0.009226151
7.8,0.0853546,0.009117437
7.9,0.08492063,0.0090995375
8.0,0.08448387,0.009148821
8.1,0.08406063,0.009233083
8.2,0.08365422,0.009313102
8.3,0.08326103,0.009362671
8.4,0.082876526,0.009370363
8.5,0.082519986,0.009343405
8.6,0.08219658,0.009300225
8.7,0.08189817,0.009246495
8.8,0.081601694,0.009188359
8.9,0.081298016,0.009128992
9.0,0.080969505,0.009068143
9.1,0.080603495,0.00899858
9.2,0.080194935,0.008898806
9.3,0.07975306,0.00876127
9.4,0.07929739,0.008607744
9.5,0.07883473,0.008482278
9.6,0.07834849,0.008380819
9.7,0.07780048,0.00825019
9.8,0.07716734,0.008052467
9.9,0.07646667,0.0078162085
10.0,0.07573517,0.007603716
10.1,0.07500815,0.0074462844
10.2,0.07430802,0.0073422673
10.3,0.07365047,0.007278426
10.4,0.073056504,0.0072420607
10.5,0.07254224,0.007223066
10.6,0.07211709,0.00723061
10.7,0.07177457,0.0072889444
10.8,0.07149843,0.0074120364
10.9,0.07127091,0.007580844
11.0,0.071066186,0.007751301
11.1,0.070862696,0.007880076
11.2,0.07062892,0.007949052
11.3,0.07034441,0.00793984
11.4,0.070003785,0.007860272
11.5,0.069629475,0.0077258875
11.6,0.06925301,0.0075686923
11.7,0.06888344,0.0074130236
11.8,0.068522386,0.0072762407
11.9,0.06816026,0.0071827476
12.0,0.067799605,0.007149917
12.1,0.0674415,0.0071648723
12.2,0.06709026,0.0071913362
12.3,0.06674846,0.007191674
12.4,0.06642519,0.007166929
12.5,0.06612152,0.007140953
12.6,0.065839194,0.0071333167
12.7,0.06557569,0.0071455915
12.8,0.065352656,0.0071725
12.9,0.06519076,0.0072119785
13.0,0.06510321,0.007268213
13.1,0.06506525,0.007309676
13.2,0.065053016,0.007325394
13.3,0.065064184,0.007322239
13.4,0.065096654,0.0073399884
13.5,0.06514216,0.0073862094
13.6,0.065180555,0.0074442658
13.7,0.065203294,0.007495015
13.8,0.06520002,0.0075335554
13.9,0.06515732,0.007547025
14.0,0.065076545,0.0075259474
14.1,0.0649634,0.0074799764
14.2,0.06483192,0.007432873
14.3,0.06469096,0.0073954985
14.4,0.064564586,0.0073625487
14.5,0.06445896,0.0073372656
14.6,0.06438821,0.007329769
14.7,0.06435034,0.0073447535
14.8,0.06435432,0.007363724
14.9,0.064400874,0.0073673087
15.0,0.064497404,0.007349558
15.1,0.06464155,0.0073218606
15.2,0.064827316,0.0073037893
15.3,0.06504782,0.0072968723
15.4,0.0653003,0.007289489
15.5,0.06558578,0.0072762193
15.6,0.06589988,0.007261555
15.7,0.06623989,0.0072546476
15.8,0.06660244,0.007257064
15.9,0.066983536,0.0072620683
16.0,0.06737586,0.007249218
16.1,0.06777536,0.0072011123
16.2,0.06818104,0.0071144616
16.3,0.068599716,0.0070038815
16.4,0.06903291,0.0068868627
16.5,0.06948939,0.0067904526
16.6,0.06996579,0.0067285094
16.7,0.07046415,0.0067124194
16.8,0.07098533,0.0067309863
16.9,0.071528226,0.0067722057
17.0,0.072088055,0.0068082763
17.1,0.07265383,0.0068251537
17.2,0.07321364,0.0068053743
17.3,0.073758475,0.0067527276
17.4,0.07428804,0.006682389
17.5,0.07480631,0.006607106
17.6,0.075314015,0.0065283063
17.7,0.07580529,0.006432969
17.8,0.07627849,0.0063202414
17.9,0.07673467,0.0061748484
18.0,0.07718203,0.005990706
18.1,0.0776604,0.0058049434
18.2,0.07820599,0.0056821015
18.3,0.07883236,0.005671063
18.4,0.07951535,0.0057796207
18.5,0.080247715,0.006026681
18.6,0.08101246,0.006415892
18.7,0.08175181,0.0068973433
18.8,0.08234862,0.0073804744
18.9,0.08268326,0.007775107
19.0,0.08268514,0.008039134
19.1,0.08233845,0.008180493
19.2,0.08168432,0.008248743
19.3,0.08080602,0.008273839
19.4,0.07984058,0.008266992
19.5,0.07891584,0.008223912
19.6,0.078102425,0.008160961
19.7,0.077388875,0.008083345
19.8,0.076741606,0.007988349
19.9,0.07613428,0.007881883
20.0,0.075545296,0.0077749896
20.1,0.07494508,0.007689966
20.2,0.07431618,0.007630391
20.3,0.07365987,0.007593275
20.4,0.07298502,0.0075695757
20.5,0.072297476,0.007555892
20.6,0.07160415,0.0075521525
20.7,0.07092903,0.0075503
20.8,0.07030434,0.0075363414
20.9,0.06975071,0.0075034355
21.0,0.06925552,0.007459131
21.1,0.06875612,0.007415212
21.2,0.06817282,0.007378206
21.3,0.067426525,0.0073570134
21.4,0.066475704,0.0073616104
21.5,0.06533027,0.007379366
21.6,0.06408028,0.0073666302
21.7,0.062896304,0.007300892
21.8,0.06196587,0.007216577
21.9,0.061410237,0.0071980557
22.0,0.0612364,0.0073019867
22.1,0.061351813,0.0075147874
22.2,0.061644264,0.0077759787
22.3,0.062024012,0.008014212
22.4,0.062445953,0.008155125
22.5,0.06288713,0.008122266
22.6,0.06333083,0.007873605
22.7,0.06377113,0.0074603194
22.8,0.064207695,0.0070051565
22.9,0.064653225,0.00662149
23.0,0.06511473,0.006360997
23.1,0.065605044,0.006218968
23.2,0.0661488,0.0061610485
23.3,0.06676189,0.0061422763
23.4,0.06743715,0.0061369324
23.5,0.06815114,0.0061557675
23.6,0.06890025,0.0062103774
23.7,0.06968284,0.0062930766
23.8,0.07048082,0.006389091
23.9,0.071255974,0.00647953
24.0,0.07196591,0.006550204
24.1,0.07257117,0.006582802
24.2,0.07305057,0.006559639
24.3,0.07340481,0.0064627253
24.4,0.07365249,0.0063038566
24.5,0.07381663,0.0061159185
24.6,0.073912285,0.0059472714
24.7,0.07396091,0.0058223056
24.8,0.07398809,0.005741551
24.9,0.07401359,0.005686088
25.0,0.07403688,0.0056347987
25.1,0.07403816,0.005583593
25.2,0.07399853,0.005544766
25.3,0.07390796,0.0055172243
25.4,0.07376744,0.005494359
25.5,0.07359079,0.0054386687
25.6,0.07340263,0.0053387177
25.7,0.07323899,0.0052058194
25.8,0.07314056,0.0050755823
25.9,0.07312345,0.0049761105
26.0,0.07317065,0.0049008997
26.1,0.07324239,0.004830871
26.2,0.0733053,0.0047543203
26.3,0.07334936,0.004681191
26.4,0.07338,0.0046256543
26.5,0.07340047,0.0045819166
26.6,0.073406324,0.004525753
26.7,0.073391184,0.0044452273
26.8,0.07337439,0.004347853
26.9,0.07337084,0.00425343
27.0,0.07338667,0.0041720886
27.1,0.07340342,0.0041048694
27.2,0.073413596,0.004058427
27.3,0.073431514,0.0040431097
27.4,0.07347156,0.004066604
27.5,0.07355538,0.0041204314
27.6,0.073695876,0.0041916124
27.7,0.073916025,0.004268646
27.8,0.07420856,0.004346385
27.9,0.0745589,0.0044167526
28.0,0.07495113,0.0044702184
28.1,0.07537744,0.0044988035
28.2,0.07582533,0.0044993693
28.3,0.07628284,0.004478604
28.4,0.07673727,0.004444831
28.5,0.07716648,0.0044087744
28.6,0.077540636,0.004375072
28.7,0.077847086,0.004349617
28.8,0.078095816,0.0043411516
28.9,0.07830205,0.00435472
29.0,0.07848061,0.004391765
29.1,0.07862781,0.0044469773
29.2,0.07874243,0.004517919
29.3,0.07880278,0.0045974716
29.4,0.07879071,0.004681171
29.5,0.078697495,0.004771804
29.6,0.07853368,0.0048719523
29.7,0.07831207,0.0049745436
29.8,0.07803493,0.0050791707
29.9,0.0777051,0.005175755
30.0,0.07734507,0.005251601
30.1,0.07697588,0.0052864323
30.2,0.076626316,0.0052680327
30.3,0.076320365,0.0052016717
30.4,0.07607135,0.0050933813
30.5,0.075882204,0.004954742
30.6,0.07571628,0.004795015
30.7,0.07553453,0.0046357764
30.8,0.07530965,0.004486386
30.9,0.075051665,0.004349915
31.0,0.0747864,0.0042133993
31.1,0.07453776,0.004071541
31.2,0.07431702,0.003941073
31.3,0.074120894,0.003838592
31.4,0.07393077,0.0037872547
31.5,0.0737286,0.0037974112
31.6,0.07350418,0.0038791036
31.7,0.07326275,0.0040101786
31.8,0.0730105,0.004158878
31.9,0.07275,0.0043022796
32.0,0.072478995,0.004439186
32.1,0.07220492,0.0045476086
32.2,0.07193428,0.0046206852
32.3,0.07166686,0.004669244
32.4,0.07139263,0.0047299094
32.5,0.07109181,0.0048244563
32.6,0.070747,0.004931303
32.7,0.07035178,0.0049930355
32.8,0.0699175,0.004980489
32.9,0.069455266,0.0049148346
33.0,0.068982154,0.0048645902
33.1,0.068511695,0.0048755617
33.2,0.068066336,0.004942641
33.3,0.067644574,0.005034687
33.4,0.06724663,0.005127131
33.5,0.06687224,0.005210554
33.6,0.06653054,0.005290885
33.7,0.06622487,0.0053759376
33.8,0.06596146,0.00546882
33.9,0.065740034,0.005565231
34.0,0.06556859,0.005663461
34.1,0.06545038,0.005765408
34.2,0.06538988,0.0058772247
34.3,0.06538977,0.006009311
34.4,0.065433145,0.0061410544
34.5,0.06550637,0.0062308805
34.6,0.06558483,0.006212748
34.7,0.06565577,0.006059603
34.8,0.06572279,0.005817878
34.9,0.065804474,0.0055629415
35.0,0.06592029,0.0053691794
35.1,0.066069975,0.005227958
35.2,0.06624471,0.0051273857
35.3,0.066422306,0.0050308416
35.4,0.06657462,0.0049419086
35.5,0.06668314,0.00488606
35.6,0.06675341,0.0049079014
35.7,0.06681634,0.005018743
35.8,0.06690293,0.0051966533
35.9,0.06701642,0.0054151583
36.0,0.06714072,0.0056524933
36.1,0.06723762,0.00586018
36.2,0.0672841,0.0060018874
36.3,0.067261375,0.006051008
36.4,0.06716797,0.006019142
36.5,0.067015514,0.005938523
36.6,0.06681129,0.0058392864
36.7,0.066579595,0.0057541532
36.8,0.066334985,0.005679054
36.9,0.06610392,0.0056252023
37.0,0.06589888,0.005591303
37.1,0.065725565,0.0055826027
37.2,0.06557179,0.005592579
37.3,0.065422535,0.0056116143
37.4,0.06526486,0.0056343535
37.5,0.06510022,0.005662685
37.6,0.064929955,0.005696251
37.7,0.064747795,0.00572524
37.8,0.06454405,0.005735338
37.9,0.06430322,0.005705389
38.0,0.06401578,0.005637639
38.1,0.063686274,0.0055352333
38.2,0.063324176,0.0054263077
38.3,0.0629411,0.0053321784
38.4,0.06253513,0.005261591
38.5,0.062090807,0.0052194777
38.6,0.06158848,0.0051964186
38.7,0.061007816,0.005190361
38.8,0.060351264,0.0051958864
38.9,0.05963955,0.005208082
39.0,0.058898933,0.005206906
39.1,0.05815655,0.005181519
39.2,0.05743379,0.0051360014
39.3,0.056761496,0.0050954306
39.4,0.056179762,0.005077918
39.5,0.055700652,0.0050918343
39.6,0.055321936,0.00512413
39.7,0.05501003,0.0051641497
39.8,0.05474905,0.0052062897
39.9,0.054523125,0.005245968
40.0,0.054323893,0.0052797445
40.1,0.05414571,0.0053007174
40.2,0.053983647,0.005312241
40.3,0.053832587,0.0053232014
40.4,0.053692136,0.0053328667
40.5,0.053560667,0.005338065
40.6,0.053442784,0.0053443564
40.7,0.053344756,0.0053668036
40.8,0.053271767,0.005433905
40.9,0.053238597,0.0055654277
41.0,0.05324103,0.005773349
41.1,0.053268563,0.0060416716
41.2,0.053293776,0.006325848
41.3,0.053300865,0.006585433
41.4,0.05327936,0.006789193
41.5,0.053229053,0.006925437
41.6,0.053149283,0.0069922716
41.7,0.053039923,0.0069803726
41.8,0.052909818,0.006898266
41.9,0.052761197,0.0067472486
42.0,0.052598193,0.0065415422
42.1,0.052415237,0.0062915757
42.2,0.05221192,0.0060199397
42.3,0.05200199,0.0057453658
42.4,0.051791053,0.0054854127
42.5,0.05158642,0.005246502
42.6,0.051379602,0.0050515053
42.7,0.051171396,0.0049015223
42.8,0.05095205,0.004799536
42.9,0.0507286,0.0047382857
43.0,0.050506573,0.0047166045
43.1,0.050304662,0.004730318
43.2,0.05011713,0.0047726883
43.3,0.049941715,0.0048262314
43.4,0.049768124,0.0048842444
43.5,0.049592417,0.0049266173
43.6,0.04941058,0.0049527623
43.7,0.049231753,0.00496037
43.8,0.049063724,0.0049614897
43.9,0.04891225,0.004956266
44.0,0.048784155,0.0049414127
44.1,0.04868241,0.0049240952
44.2,0.048615456,0.004913312
44.3,0.04858013,0.0049146116
44.4,0.048581872,0.004928089
44.5,0.04861815,0.0049384474
44.6,0.048677687,0.0049397657
44.7,0.04874353,0.004918981
44.8,0.04879638,0.0048857513
44.9,0.048834898,0.0048493086
45.0,0.048854094,0.004818475
45.1,0.048864327,0.004798205
45.2,0.048873965,0.0047824066
45.3,0.048896667,0.0047742524
45.4,0.04893787,0.004769853
45.5,0.048998784,0.0047706147
45.6,0.049080018,0.0047665634
45.7,0.04917214,0.0047551347
45.8,0.049266454,0.0047352407
45.9,0.049359173,0.0047056624
46.0,0.049458373,0.004673093
46.1,0.049563702,0.0046396498
46.2,0.0496768,0.004620478
46.3,0.049790516,0.004623626
46.4,0.049904324,0.004668224
46.5,0.050018273,0.004771043
46.6,0.05012751,0.004923081
46.7,0.05022763,0.005113831
46.8,0.050298575,0.0053018713
46.9,0.050334692,0.0054767057
47.0,0.05033092,0.005586644
47.1,0.050300587,0.0056424728
47.2,0.050264604,0.005620347
47.3,0.050240915,0.005561806
47.4,0.05024908,0.0054762913
47.5,0.050285034,0.005397617
47.6,0.050344888,0.0053342176
47.7,0.050416343,0.0052882587
47.8,0.050490957,0.0052683996
47.9,0.050555434,0.0052730567
48.0,0.05060699,0.0053035817
48.1,0.0506423,0.0053560557
48.2,0.05067584,0.00543266
48.3,0.050703768,0.0055069006
48.4,0.05073025,0.0055764304
48.5,0.05074313,0.0056165922
48.6,0.050750107,0.0056485347
48.7,0.05075649,0.0056587136
48.8,0.050773233,0.0056662364
48.9,0.050811652,0.0056636203
49.0,0.050866857,0.005663915
49.1,0.050945245,0.005663711
49.2,0.05102972,0.0056694495
49.3,0.05111257,0.005669531
49.4,0.05118168,0.0056636916
49.5,0.051228434,0.005651968
49.6,0.05126304,0.0056412597
49.7,0.051281713,0.0056310087
49.8,0.051290926,0.005618157
49.9,0.05128329,0.005594765
50.0,0.051257618,0.0055521443
50.1,0.051209256,0.0054731597
50.2,0.051138945,0.005369883
50.3,0.051056307,0.0052526565
50.4,0.050967842,0.0051502963
50.5,0.050890375,0.005067022
50.6,0.050829273,0.0050043524
50.7,0.050792508,0.004950632
50.8,0.050775316,0.004901857
50.9,0.05076916,0.0048550176
51.0,0.050772227,0.0048203752
51.1,0.05077783,0.0047968295
51.2,0.050789833,0.004791838
51.3,0.05081152,0.004803896
51.4,0.05084215,0.004826479
51.5,0.050881952,0.0048622848
51.6,0.050926603,0.004899977
51.7,0.05097981,0.0049484586
51.8,0.051045466,0.004999466
51.9,0.05112812,0.0050509
52.0,0.051231664,0.0051053264
52.1,0.051351532,0.005144939
52.2,0.051489167,0.005183534
52.3,0.05163875,0.0051928493
52.4,0.05180912,0.0051958975
52.5,0.052010097,0.0051836832
52.6,0.052249283,0.0051825456
52.7,0.052528135,0.005198524
52.8,0.05283216,0.0052456805
52.9,0.053161968,0.0053234133
53.0,0.053508375,0.0054307906
53.1,0.05387901,0.005550165
53.2,0.05427115,0.005680742
53.3,0.054684322,0.0058036176
53.4,0.0551136,0.0059277737
53.5,0.055546038,0.0060448144
53.6,0.055980146,0.0061637308
53.7,0.056398053,0.006281547
53.8,0.056799125,0.0063946834
53.9,0.05717784,0.0064994893
54.0,0.057535764,0.0065744324
54.1,0.057880253,0.0066261897
54.2,0.05821212,0.006644125
54.3,0.058543302,0.0066493824
54.4,0.058874525,0.006634996
54.5,0.059209082,0.0066100652
54.6,0.059545286,0.006579889
54.7,0.059886288,0.006552914
54.8,0.060233396,0.0065424023
54.9,0.060593974,0.0065584653
55.0,0.060967106,0.0066110003
55.1,0.06134676,0.0066960007
55.2,0.06172441,0.0067954124
55.3,0.062086284,0.006901879
55.4,0.062428553,0.0069913534
55.5,0.06274216,0.0070685884
55.6,0.06303214,0.007120171
55.7,0.063298166,0.0071640783
55.8,0.06353941,0.0071869465
55.9,0.063761495,0.007204177
56.0,0.063975565,0.0072032204
56.1,0.06419583,0.007200362
56.2,0.064428486,0.0071895127
56.3,0.06467892,0.0071712867
56.4,0.06494453,0.007146451
56.5,0.065229,0.007106801
56.6,0.06551893,0.0070571043
56.7,0.06581483,0.006990855
56.8,0.066102244,0.0069062407
56.9,0.06638535,0.0068089454
57.0,0.0666509,0.006706051
57.1,0.06690668,0.0066096513
57.2,0.06714547,0.006522252
57.3,0.06738218,0.006435981
57.4,0.06761131,0.0063571497
57.5,0.067849144,0.0062829126
57.6,0.068090305,0.006224286
57.7,0.06833601,0.0061725676
57.8,0.06857815,0.006140761
57.9,0.068825684,0.0061191074
58.0,0.0690827,0.0061172815
58.1,0.06935291,0.0061212713
58.2,0.069642015,0.0061226483
58.3,0.069949344,0.0061093117
58.4,0.070272796,0.0060794847
58.5,0.0706017,0.0060365517
58.6,0.07093075,0.0059909914
58.7,0.0712608,0.0059380704
58.8,0.0715873,0.005894271
58.9,0.071920015,0.0058539626
59.0,0.07225445,0.005825859
59.1,0.07259858,0.0058016884
59.2,0.07294077,0.005779987
59.3,0.073286735,0.0057569733
59.4,0.07362875,0.005738455
59.5,0.07397635,0.0057303985
59.6,0.07432404,0.005741588
59.7,0.074669115,0.0057615903
59.8,0.07499857,0.0057814526
59.9,0.07531761,0.005797336
60.0,0.07562009,0.005801699
60.1,0.075922236,0.0057962756
60.2,0.07621348,0.005779932
60.3,0.07650198,0.0057542203
60.4,0.07677897,0.0057266755
60.5,0.07705055,0.0056972234
60.6,0.07732419,0.005668013
60.7,0.07760112,0.005641583
60.8,0.077888705,0.0056186607
60.9,0.078180894,0.0056018983
61.0,0.078483246,0.0055876407
61.1,0.07879784,0.0055816146
61.2,0.079134606,0.005582775
61.3,0.079487555,0.0055969474
61.4,0.07986536,0.005620869
61.5,0.08026041,0.0056641554
61.6,0.08067977,0.005720223
61.7,0.0811221,0.0057904525
61.8,0.081586145,0.005873204
61.9,0.08208338,0.0059670145
62.0,0.08260286,0.0060709566
62.1,0.08315038,0.006178518
62.2,0.08372124,0.006295272
62.3,0.08432796,0.006422097
62.4,0.084963456,0.0065584285
62.5,0.08562617,0.0066944286
62.6,0.08630836,0.0068302252
62.7,0.08700899,0.006963905
62.8,0.087730624,0.0071000024
62.9,0.08846922,0.007250849
63.0,0.08923405,0.0074105733
63.1,0.090016305,0.0075820195
63.2,0.09082287,0.0077595776
63.3,0.09165067,0.007947638
63.4,0.09250532,0.00813799
63.5,0.093386084,0.008324894
63.6,0.0942866,0.00851125
63.7,0.09522042,0.008690489
63.8,0.09617613,0.008850704
63.9,0.097161844,0.008984416
64.0,0.098170176,0.009101022
64.1,0.09918955,0.009192498
64.2,0.100222416,0.009252164
64.3,0.10124968,0.009289669
64.4,0.10227545,0.0092870165
64.5,0.10329185,0.009250038
64.6,0.10429623,0.009181176
64.7,0.10528374,0.009083849
64.8,0.106249794,0.008962428
64.9,0.10719972,0.008818545
65.0,0.10812144,0.008664774
65.1,0.109019615,0.008495748
65.2,0.109899305,0.008320413
65.3,0.11074252,0.008151064
65.4,0.11154739,0.007989109
65.5,0.11230731,0.007843739
65.6,0.11304555,0.0077065895
65.7,0.11374679,0.007576917
65.8,0.11440428,0.0074587907
65.9,0.11504176,0.0073481253
66.0,0.11565319,0.0072555933
66.1,0.11624355,0.0071777822
66.2,0.116815574,0.0071138935
66.3,0.11737385,0.007068244
66.4,0.11791718,0.0070349486
66.5,0.11844197,0.007017999
66.6,0.11896095,0.007009198
66.7,0.11948245,0.007015291
66.8,0.12000082,0.0070419014
66.9,0.12052533,0.0070757265
67.0,0.12105875,0.007113634
67.1,0.121593565,0.007165389
67.2,0.12213509,0.0072237398
67.3,0.122673966,0.0072929957
67.4,0.12322271,0.0073611676
67.5,0.123782754,0.0074416506
67.6,0.124347225,0.0075358874
67.7,0.12492348,0.0076314146
67.8,0.12551758,0.007727277
67.9,0.12613015,0.007826202
68.0,0.12676089,0.007930732
68.1,0.12739474,0.008042221
68.2,0.12803854,0.00814999
68.3,0.12869146,0.008258392
68.4,0.12935077,0.008374639
68.5,0.13001639,0.008489398
68.6,0.13068418,0.008602552
68.7,0.13134895,0.008716428
68.8,0.13202427,0.008834635
68.9,0.13270794,0.008949966
69.0,0.13339691,0.009057208
69.1,0.13408715,0.009156512
69.2,0.13478006,0.009260527
69.3,0.13548684,0.009366188
69.4,0.13621208,0.009474157
69.5,0.13694727,0.009588603
69.6,0.13769293,0.009703688
69.7,0.13844076,0.0098128505
69.8,0.13918935,0.009914205
69.9,0.13994129,0.010003588
70.0,0.14070149,0.010091517
70.1,0.14146684,0.010171658
70.2,0.14224215,0.010242972
70.3,0.14302368,0.010309046
70.4,0.14381196,0.010375849
70.5,0.14461946,0.010442603
70.6,0.14545,0.010503087
70.7,0.14630269,0.010557787
70.8,0.14716741,0.010608157
70.9,0.14804687,0.010662691
71.0,0.14895,0.010716244
71.1,0.14988214,0.010772462
71.2,0.15083805,0.010830769
71.3,0.15180545,0.010891444
71.4,0.15279676,0.010950167
71.5,0.153814,0.011008101
71.6,0.1548568,0.01106012
71.7,0.15591037,0.011113328
71.8,0.15697712,0.011167723
71.9,0.15806283,0.011220205
72.0,0.15917002,0.011271362
72.1,0.16029377,0.011324745
72.2,0.16142757,0.011376595
72.3,0.16257964,0.011435397
72.4,0.16375378,0.011502008
72.5,0.16494778,0.011571505
72.6,0.16615775,0.011647734
72.7,0.16737932,0.011726874
72.8,0.16862112,0.011800047
72.9,0.16987798,0.011870094
73.0,0.17115815,0.011946008
73.1,0.17245461,0.012020229
73.2,0.17376612,0.012100377
73.3,0.17508532,0.012180412
73.4,0.1764202,0.012260047
73.5,0.17776613,0.012343191
73.6,0.17912614,0.012432215
73.7,0.18050304,0.012520699
73.8,0.18189941,0.012615249
73.9,0.18331385,0.012712148
74.0,0.18475406,0.012802638
74.1,0.186205,0.012899017
74.2,0.18767379,0.012998518
74.3,0.18917315,0.013090812
74.4,0.19068553,0.013174124
74.5,0.19221725,0.013248393
74.6,0.19376831,0.013319432
74.7,0.19533841,0.01338175
74.8,0.19692941,0.013448225
74.9,0.19854799,0.0135221565
75.0,0.20019768,0.01358863
75.1,0.20187473,0.013661441
75.2,0.20357005,0.013737578
75.3,0.2053058,0.01381568
75.4,0.20683971,0.013644021
75.5,0.20820571,0.013272429
75.6,0.20940556,0.012677599
75.7,0.21062578,0.01210181
75.8,0.21184741,0.0115124015
75.9,0.21308208,0.010913098
76.0,0.21434806,0.010301835
76.1,0.21562798,0.009697637
76.2,0.21693869,0.00911972
76.3,0.21828604,0.008547338
76.4,0.21970455,0.008056738
76.5,0.2211787,0.007601703
76.6,0.22272554,0.0071206866
76.7,0.22426283,0.0066017513
76.8,0.22583373,0.0060787294
76.9,0.22747397,0.005576204
77.0,0.22931796,0.004974423
77.1,0.23102538,0.0043984554
77.2,0.23275393,0.0035214443
77.3,0.23587704,0.0019436454
77.4,nan,nan
77.5,nan,nan
77.6,nan,nan
77.7,nan,nan
77.8,nan,nan
77.9,nan,nan
78.0,nan,nan
78.1,nan,nan
78.2,nan,nan
78.3,nan,nan
78.4,nan,nan
78.5,nan,nan
78.6,nan,nan
78.7,nan,nan
78.8,nan,nan
78.9,nan,nan
79.0,nan,nan
79.1,nan,nan
79.2,nan,nan
79.3,nan,nan
79.4,nan,nan
79.5,nan,nan
79.6,nan,nan
79.7,nan,nan
79.8,nan,nan
79.9,nan,nan
80.0,nan,nan
80.1,nan,nan
80.2,nan,nan
80.3,nan,nan
80.4,nan,nan
80.5,nan,nan
80.6,nan,nan
80.7,nan,nan
80.8,nan,nan
80.9,nan,nan
81.0,nan,nan
81.1,nan,nan
81.2,nan,nan
81.3,nan,nan
81.4,nan,nan
81.5,nan,nan
81.6,nan,nan
81.7,nan,nan
81.8,nan,nan
81.9,nan,nan
82.0,nan,nan
82.1,nan,nan
82.2,nan,nan
82.3,nan,nan
82.4,nan,nan
82.5,nan,nan
82.6,nan,nan
82.7,nan,nan
82.8,nan,nan
82.9,nan,nan
83.0,nan,nan
83.1,nan,nan
83.2,nan,nan
83.3,nan,nan
83.4,nan,nan
83.5,nan,nan
83.6,nan,nan
83.7,nan,nan
83.8,nan,nan
83.9,nan,nan
84.0,nan,nan
84.1,nan,nan
84.2,nan,nan
84.3,nan,nan
84.4,nan,nan
84.5,nan,nan
84.6,nan,nan
84.7,nan,nan
84.8,nan,nan
84.9,nan,nan
85.0,nan,nan
85.1,nan,nan
85.2,nan,nan
85.3,nan,nan
85.4,nan,nan
85.5,nan,nan
85.6,nan,nan
85.7,nan,nan
85.8,nan,nan
85.9,nan,nan
86.0,nan,nan
86.1,nan,nan
86.2,nan,nan
86.3,nan,nan
86.4,nan,nan
86.5,nan,nan
86.6,nan,nan
86.7,nan,nan
86.8,nan,nan
86.9,nan,nan
87.0,nan,nan
87.1,nan,nan
87.2,nan,nan
87.3,nan,nan
87.4,nan,nan
87.5,nan,nan
87.6,nan,nan
87.7,nan,nan
87.8,nan,nan
87.9,nan,nan
88.0,nan,nan
88.1,nan,nan
88.2,nan,nan
88.3,nan,nan
88.4,nan,nan
88.5,nan,nan
88.6,nan,nan
88.7,nan,nan
88.8,nan,nan
88.9,nan,nan
89.0,nan,nan
89.1,nan,nan
89.2,nan,nan
89.3,nan,nan
89.4,nan,nan
89.5,nan,nan
89.6,nan,nan
89.7,nan,nan
89.8,nan,nan
89.9,nan,nan
90.0,nan,nan
