PC_Latitude,I/F,Error
-90.0,nan,nan
-89.9,nan,nan
-89.8,nan,nan
-89.7,nan,nan
-89.6,nan,nan
-89.5,nan,nan
-89.4,nan,nan
-89.3,nan,nan
-89.2,nan,nan
-89.1,nan,nan
-89.0,nan,nan
-88.9,nan,nan
-88.8,nan,nan
-88.7,nan,nan
-88.6,nan,nan
-88.5,nan,nan
-88.4,nan,nan
-88.3,nan,nan
-88.2,nan,nan
-88.1,nan,nan
-88.0,nan,nan
-87.9,nan,nan
-87.8,nan,nan
-87.7,nan,nan
-87.6,nan,nan
-87.5,nan,nan
-87.4,nan,nan
-87.3,nan,nan
-87.2,nan,nan
-87.1,nan,nan
-87.0,nan,nan
-86.9,nan,nan
-86.8,nan,nan
-86.7,nan,nan
-86.6,nan,nan
-86.5,nan,nan
-86.4,nan,nan
-86.3,nan,nan
-86.2,nan,nan
-86.1,nan,nan
-86.0,nan,nan
-85.9,nan,nan
-85.8,nan,nan
-85.7,nan,nan
-85.6,nan,nan
-85.5,nan,nan
-85.4,nan,nan
-85.3,nan,nan
-85.2,nan,nan
-85.1,nan,nan
-85.0,nan,nan
-84.9,nan,nan
-84.8,nan,nan
-84.7,nan,nan
-84.6,nan,nan
-84.5,nan,nan
-84.4,nan,nan
-84.3,nan,nan
-84.2,nan,nan
-84.1,nan,nan
-84.0,nan,nan
-83.9,nan,nan
-83.8,nan,nan
-83.7,nan,nan
-83.6,nan,nan
-83.5,nan,nan
-83.4,nan,nan
-83.3,nan,nan
-83.2,nan,nan
-83.1,nan,nan
-83.0,nan,nan
-82.9,nan,nan
-82.8,nan,nan
-82.7,nan,nan
-82.6,nan,nan
-82.5,nan,nan
-82.4,nan,nan
-82.3,nan,nan
-82.2,nan,nan
-82.1,nan,nan
-82.0,nan,nan
-81.9,nan,nan
-81.8,nan,nan
-81.7,nan,nan
-81.6,nan,nan
-81.5,nan,nan
-81.4,nan,nan
-81.3,nan,nan
-81.2,nan,nan
-81.1,nan,nan
-81.0,nan,nan
-80.9,nan,nan
-80.8,nan,nan
-80.7,nan,nan
-80.6,nan,nan
-80.5,nan,nan
-80.4,nan,nan
-80.3,nan,nan
-80.2,nan,nan
-80.1,nan,nan
-80.0,nan,nan
-79.9,nan,nan
-79.8,nan,nan
-79.7,nan,nan
-79.6,nan,nan
-79.5,nan,nan
-79.4,nan,nan
-79.3,nan,nan
-79.2,nan,nan
-79.1,nan,nan
-79.0,nan,nan
-78.9,nan,nan
-78.8,nan,nan
-78.7,nan,nan
-78.6,nan,nan
-78.5,nan,nan
-78.4,nan,nan
-78.3,nan,nan
-78.2,nan,nan
-78.1,nan,nan
-78.0,nan,nan
-77.9,nan,nan
-77.8,nan,nan
-77.7,nan,nan
-77.6,nan,nan
-77.5,nan,nan
-77.4,nan,nan
-77.3,nan,nan
-77.2,nan,nan
-77.1,nan,nan
-77.0,nan,nan
-76.9,nan,nan
-76.8,nan,nan
-76.7,nan,nan
-76.6,nan,nan
-76.5,nan,nan
-76.4,nan,nan
-76.3,nan,nan
-76.2,nan,nan
-76.1,nan,nan
-76.0,nan,nan
-75.9,nan,nan
-75.8,nan,nan
-75.7,nan,nan
-75.6,nan,nan
-75.5,nan,nan
-75.4,0.3419393,0.0051616062
-75.3,0.33895826,0.004893256
-75.2,0.337306,0.0049118656
-75.1,0.3355373,0.0050336546
-75.0,0.33336824,0.0051474846
-74.9,0.3312046,0.005296071
-74.8,0.32907906,0.005621574
-74.7,0.32699186,0.0060228105
-74.6,0.32494944,0.0064979233
-74.5,0.3229744,0.0070396815
-74.4,0.32106468,0.0076807113
-74.3,0.31922525,0.008441654
-74.2,0.31746078,0.009271758
-74.1,0.31574368,0.010182204
-74.0,0.31403396,0.01106148
-73.9,0.31238475,0.011930095
-73.8,0.31074876,0.012782474
-73.7,0.30914173,0.013619667
-73.6,0.30752626,0.014389844
-73.5,0.30571645,0.014840239
-73.4,0.3036821,0.014998334
-73.3,0.301406,0.014828791
-73.2,0.29915667,0.014630916
-73.1,0.29693195,0.014433318
-73.0,0.29471976,0.014228919
-72.9,0.29253402,0.014013646
-72.8,0.290363,0.013806026
-72.7,0.2882127,0.013615616
-72.6,0.28609928,0.013429532
-72.5,0.2840098,0.013280619
-72.4,0.28192908,0.013146841
-72.3,0.27984086,0.013017547
-72.2,0.277792,0.012879256
-72.1,0.27577847,0.012759222
-72.0,0.2737851,0.012650644
-71.9,0.27182028,0.012545073
-71.8,0.26986665,0.012441134
-71.7,0.26793084,0.012342213
-71.6,0.26601046,0.012227014
-71.5,0.2640883,0.01210949
-71.4,0.26216426,0.011977773
-71.3,0.2602555,0.011844791
-71.2,0.2583744,0.011732387
-71.1,0.25650832,0.011638314
-71.0,0.2546489,0.011542079
-70.9,0.25279623,0.011454739
-70.8,0.25095272,0.011369386
-70.7,0.24912106,0.011273778
-70.6,0.24730028,0.011173141
-70.5,0.24549542,0.0110751735
-70.4,0.2437118,0.010962452
-70.3,0.24194182,0.010843971
-70.2,0.24018924,0.010703657
-70.1,0.23845747,0.01054979
-70.0,0.23675488,0.010394313
-69.9,0.2350708,0.010246863
-69.8,0.23339388,0.01010411
-69.7,0.23172477,0.009978694
-69.6,0.23006019,0.009872199
-69.5,0.22839883,0.009773043
-69.4,0.22673428,0.00970053
-69.3,0.22506252,0.009657244
-69.2,0.22339083,0.009624144
-69.1,0.221715,0.009616362
-69.0,0.22004227,0.009631645
-68.9,0.21836886,0.009666271
-68.8,0.21669345,0.009724698
-68.7,0.21500918,0.009789658
-68.6,0.2132908,0.009829751
-68.5,0.21155232,0.009854644
-68.4,0.20979354,0.0098638255
-68.3,0.20802037,0.009861237
-68.2,0.20621361,0.009851617
-68.1,0.20438428,0.009834184
-68.0,0.20253834,0.009814141
-67.9,0.20068775,0.009809856
-67.8,0.19881266,0.0098271035
-67.7,0.1969104,0.00985123
-67.6,0.19498765,0.00987629
-67.5,0.1930464,0.00988943
-67.4,0.19108024,0.009900985
-67.3,0.18909903,0.009916931
-67.2,0.18711609,0.009940628
-67.1,0.18511313,0.00998361
-67.0,0.18309738,0.010046208
-66.9,0.18107046,0.010116164
-66.8,0.17902371,0.010195593
-66.7,0.17696463,0.010278243
-66.6,0.17489317,0.010360787
-66.5,0.17281239,0.010447307
-66.4,0.17071396,0.010524749
-66.3,0.16859287,0.010584084
-66.2,0.16645956,0.01062984
-66.1,0.164317,0.010643827
-66.0,0.1621575,0.0106311785
-65.9,0.15999065,0.0105997585
-65.8,0.15781803,0.010543556
-65.7,0.15563461,0.010460302
-65.6,0.15344164,0.010353773
-65.5,0.15123658,0.010230858
-65.4,0.14901528,0.010101854
-65.3,0.14678177,0.009972519
-65.2,0.1445257,0.009851555
-65.1,0.14224617,0.009761395
-65.0,0.13994767,0.009688245
-64.9,0.13761398,0.009632172
-64.8,0.1352657,0.009580978
-64.7,0.13289918,0.0095382165
-64.6,0.13052584,0.00951316
-64.5,0.1281602,0.009487914
-64.4,0.12578772,0.009459647
-64.3,0.12341685,0.009432953
-64.2,0.12102992,0.009398544
-64.1,0.11863185,0.00935287
-64.0,0.11623192,0.009291937
-63.9,0.11382215,0.009204352
-63.8,0.111412294,0.009094903
-63.7,0.10901401,0.00896583
-63.6,0.106623106,0.0088209575
-63.5,0.10425195,0.008662475
-63.4,0.10190346,0.008491248
-63.3,0.099599086,0.008318674
-63.2,0.097345784,0.008141325
-63.1,0.0951362,0.007955194
-63.0,0.09298083,0.0077677425
-62.9,0.090866625,0.0075930683
-62.8,0.08880045,0.007434057
-62.7,0.08679066,0.0072858664
-62.6,0.084837094,0.007159238
-62.5,0.082943015,0.0070479326
-62.4,0.08110284,0.006948698
-62.3,0.07931876,0.0068699038
-62.2,0.07759332,0.006800438
-62.1,0.07593875,0.006735788
-62.0,0.07435741,0.006682461
-61.9,0.072858155,0.00663465
-61.8,0.07143843,0.0065936255
-61.7,0.07010406,0.0065673008
-61.6,0.06885641,0.0065445183
-61.5,0.06768912,0.006526127
-61.4,0.06660658,0.006513119
-61.3,0.06559888,0.00650889
-61.2,0.06465461,0.00651192
-61.1,0.06377931,0.00650622
-61.0,0.06296461,0.006496594
-60.9,0.062204566,0.0064750044
-60.8,0.061494417,0.006439856
-60.7,0.06082734,0.006396494
-60.6,0.06021022,0.006349353
-60.5,0.059622724,0.0062743467
-60.4,0.05906414,0.0061696735
-60.3,0.05852226,0.0060345293
-60.2,0.05800133,0.00589427
-60.1,0.057496894,0.0057542035
-60.0,0.05700103,0.0056139496
-59.9,0.056517247,0.005476572
-59.8,0.056044493,0.0053369477
-59.7,0.055598494,0.005193581
-59.6,0.055169694,0.0050428463
-59.5,0.05477021,0.004888677
-59.4,0.054391913,0.004740859
-59.3,0.05403868,0.004607527
-59.2,0.053708434,0.0044974666
-59.1,0.053400397,0.0044143605
-59.0,0.05312441,0.0043549677
-58.9,0.05287491,0.004318976
-58.8,0.05266368,0.0042977673
-58.7,0.052485526,0.004294928
-58.6,0.052347075,0.004300829
-58.5,0.052252196,0.0043106186
-58.4,0.0521988,0.004325785
-58.3,0.052193403,0.0043393057
-58.2,0.05222647,0.004349165
-58.1,0.05229962,0.00435056
-58.0,0.052398335,0.004329282
-57.9,0.05251412,0.004293287
-57.8,0.05262644,0.0042343647
-57.7,0.052724987,0.0041714595
-57.6,0.052793626,0.0041033975
-57.5,0.052839704,0.004033272
-57.4,0.05285887,0.0039638276
-57.3,0.052855622,0.003887805
-57.2,0.052830614,0.0038002587
-57.1,0.052780326,0.0036962286
-57.0,0.05270399,0.0035764875
-56.9,0.052596863,0.0034453662
-56.8,0.052456528,0.0033045697
-56.7,0.052283723,0.0031606187
-56.6,0.052069694,0.0030187094
-56.5,0.05182299,0.0028789982
-56.4,0.05154447,0.0027483013
-56.3,0.051252045,0.0026282945
-56.2,0.05094489,0.0025248032
-56.1,0.05063359,0.0024390912
-56.0,0.050309863,0.002371965
-55.9,0.049982797,0.0023293304
-55.8,0.049643528,0.002309117
-55.7,0.04929721,0.0023042911
-55.6,0.04893863,0.0023085687
-55.5,0.04857583,0.002306741
-55.4,0.048212893,0.0023142537
-55.3,0.047861043,0.002318967
-55.2,0.047523387,0.0023420698
-55.1,0.04722294,0.0023706716
-55.0,0.046959106,0.0024176852
-54.9,0.04674373,0.0024757255
-54.8,0.04656449,0.002549099
-54.7,0.046419874,0.0026321902
-54.6,0.046298828,0.0027249635
-54.5,0.046193723,0.0028224667
-54.4,0.046102304,0.0029240286
-54.3,0.0460211,0.0030301162
-54.2,0.04594507,0.0031335205
-54.1,0.045869827,0.0032303527
-54.0,0.045791943,0.0033001576
-53.9,0.045714386,0.0033444767
-53.8,0.04563938,0.0033498697
-53.7,0.045577373,0.0033377784
-53.6,0.045538943,0.0033036643
-53.5,0.045524463,0.003268244
-53.4,0.045529623,0.0032241954
-53.3,0.04553985,0.0031847886
-53.2,0.045550678,0.0031527653
-53.1,0.045560572,0.0031417953
-53.0,0.04557108,0.0031593558
-52.9,0.045588028,0.0032115118
-52.8,0.045614384,0.0032978582
-52.7,0.045657787,0.003407909
-52.6,0.04572115,0.0035205677
-52.5,0.04580532,0.003619651
-52.4,0.045900054,0.0036974163
-52.3,0.04599109,0.0037505706
-52.2,0.046060294,0.0037898375
-52.1,0.046089273,0.0037944457
-52.0,0.04607254,0.0037795997
-51.9,0.046003263,0.0037297762
-51.8,0.04589834,0.0036763216
-51.7,0.045771126,0.0036244148
-51.6,0.045646567,0.0035920287
-51.5,0.045536373,0.0035832694
-51.4,0.045449626,0.0035955147
-51.3,0.04538637,0.003625615
-51.2,0.045347117,0.0036721828
-51.1,0.04532913,0.0037338738
-51.0,0.04532794,0.0038118914
-50.9,0.045339625,0.0039062465
-50.8,0.045358863,0.004007701
-50.7,0.045385662,0.0041244477
-50.6,0.045424014,0.0042599747
-50.5,0.045472097,0.004411926
-50.4,0.045532405,0.0045752414
-50.3,0.045596838,0.0047187675
-50.2,0.045656465,0.004839913
-50.1,0.045702707,0.0049104635
-50.0,0.04572502,0.004924037
-49.9,0.04573088,0.004876078
-49.8,0.045725107,0.004768407
-49.7,0.04572339,0.0046335342
-49.6,0.045734677,0.0044859736
-49.5,0.0457699,0.004367282
-49.4,0.045828328,0.004277111
-49.3,0.045915503,0.004227159
-49.2,0.046026815,0.004199652
-49.1,0.046166006,0.0041946894
-49.0,0.04632834,0.0041990425
-48.9,0.046507232,0.004216047
-48.8,0.046699252,0.0042388653
-48.7,0.046891224,0.004268835
-48.6,0.047081504,0.0043002684
-48.5,0.047254235,0.0043278146
-48.4,0.047404815,0.004344976
-48.3,0.04752727,0.0043463726
-48.2,0.047625408,0.004333376
-48.1,0.047701053,0.004305213
-48.0,0.047754772,0.0042630113
-47.9,0.047784206,0.0042063273
-47.8,0.04778519,0.0041393936
-47.7,0.04775289,0.0040625692
-47.6,0.04767911,0.003985452
-47.5,0.0475632,0.0039113984
-47.4,0.047413424,0.0038500444
-47.3,0.04724113,0.0038000615
-47.2,0.04706037,0.003765105
-47.1,0.04687429,0.003742575
-47.0,0.046693046,0.0037354615
-46.9,0.046517,0.003737945
-46.8,0.046349954,0.0037525957
-46.7,0.04618586,0.003775684
-46.6,0.046027545,0.0038025964
-46.5,0.04587587,0.0038291004
-46.4,0.045740712,0.0038541541
-46.3,0.045622524,0.0038792398
-46.2,0.04552437,0.0039018202
-46.1,0.045440264,0.003915752
-46.0,0.04536275,0.00391766
-45.9,0.04527848,0.0038947936
-45.8,0.04518055,0.0038461
-45.7,0.045064665,0.003776726
-45.6,0.044934515,0.0037076282
-45.5,0.044792306,0.0036567077
-45.4,0.04464759,0.0036405174
-45.3,0.044508394,0.0036573326
-45.2,0.044383552,0.0036923243
-45.1,0.04426961,0.0037061134
-45.0,0.04415819,0.0036871426
-44.9,0.044045594,0.0036463414
-44.8,0.043931093,0.0036149519
-44.7,0.04381498,0.003604274
-44.6,0.043696936,0.0036104668
-44.5,0.04358287,0.0036262213
-44.4,0.04347489,0.0036523144
-44.3,0.04337799,0.0036785256
-44.2,0.043291785,0.0036985783
-44.1,0.04322322,0.0037033644
-44.0,0.043168895,0.0036915184
-43.9,0.043125845,0.0036681884
-43.8,0.04307921,0.003637626
-43.7,0.043019958,0.0036043369
-43.6,0.04294578,0.003571257
-43.5,0.042858865,0.0035392265
-43.4,0.042756848,0.0035163176
-43.3,0.042631555,0.0035020683
-43.2,0.042491242,0.0034945596
-43.1,0.042345602,0.0034926822
-43.0,0.042204767,0.003491539
-42.9,0.042068265,0.0034819073
-42.8,0.041935395,0.003453219
-42.7,0.041807283,0.0034079156
-42.6,0.041682143,0.0033691165
-42.5,0.041556697,0.003353163
-42.4,0.04142356,0.003364444
-42.3,0.04128098,0.0033885816
-42.2,0.041132953,0.0034143836
-42.1,0.04099238,0.00343906
-42.0,0.04087285,0.003462551
-41.9,0.040783703,0.0034864962
-41.8,0.04073134,0.0035042572
-41.7,0.040709265,0.0035112584
-41.6,0.040718663,0.0035102908
-41.5,0.040762804,0.0035035945
-41.4,0.040843055,0.0034887437
-41.3,0.04094945,0.0034544603
-41.2,0.041067928,0.003405237
-41.1,0.041194603,0.003351552
-41.0,0.041327532,0.0033054114
-40.9,0.041460317,0.003266605
-40.8,0.041589245,0.0032315187
-40.7,0.04171775,0.0031921298
-40.6,0.041847665,0.0031480463
-40.5,0.041980363,0.0031068325
-40.4,0.04210554,0.0030789885
-40.3,0.042225327,0.0030743396
-40.2,0.042351153,0.0030981195
-40.1,0.04249448,0.0031502596
-40.0,0.04265812,0.003227769
-39.9,0.04283413,0.0033290675
-39.8,0.043023206,0.0034506912
-39.7,0.043229092,0.0035841642
-39.6,0.043448877,0.003714217
-39.5,0.04367973,0.0038321763
-39.4,0.043915726,0.003929011
-39.3,0.044156197,0.0039900043
-39.2,0.04440174,0.0039968663
-39.1,0.044654623,0.003946881
-39.0,0.044921633,0.0038479585
-38.9,0.045200855,0.0037143747
-38.8,0.045495532,0.0035591077
-38.7,0.045797944,0.003402882
-38.6,0.046111334,0.003270223
-38.5,0.046435334,0.0031779308
-38.4,0.04678475,0.0031364674
-38.3,0.047171436,0.0031568424
-38.2,0.047619615,0.00326919
-38.1,0.04814038,0.0034957686
-38.0,0.048740353,0.0038406816
-37.9,0.04940646,0.0042835097
-37.8,0.050112814,0.0047734
-37.7,0.050827064,0.005262771
-37.6,0.05151433,0.0057041077
-37.5,0.05214837,0.006070219
-37.4,0.052713413,0.0063535934
-37.3,0.053199507,0.0065605277
-37.2,0.053611994,0.006705687
-37.1,0.053960614,0.0068052867
-37.0,0.054257717,0.0068757627
-36.9,0.054507688,0.006928673
-36.8,0.05470179,0.0069565694
-36.7,0.054830786,0.006953418
-36.6,0.054888625,0.0069179945
-36.5,0.054874327,0.006866267
-36.4,0.054784432,0.006796846
-36.3,0.05461405,0.0067024045
-36.2,0.05436017,0.006570852
-36.1,0.054023933,0.006399363
-36.0,0.053612,0.006193602
-35.9,0.053138748,0.005970796
-35.8,0.052623324,0.005757955
-35.7,0.052092753,0.0055848607
-35.6,0.05157739,0.00547086
-35.5,0.051104005,0.0054244474
-35.4,0.05068173,0.0054311343
-35.3,0.050318062,0.0054600565
-35.2,0.050016366,0.005496153
-35.1,0.049822062,0.0056037595
-35.0,0.049684618,0.005740565
-34.9,0.049595684,0.005901354
-34.8,0.049506973,0.005994192
-34.7,0.04945098,0.00606016
-34.6,0.04940353,0.00608686
-34.5,0.049364194,0.0060694073
-34.4,0.049324505,0.006018515
-34.3,0.04930248,0.005935371
-34.2,0.049297098,0.0058222665
-34.1,0.049298927,0.005670423
-34.0,0.049300924,0.0054845125
-33.9,0.04929316,0.0052787717
-33.8,0.049278032,0.00508676
-33.7,0.04926749,0.004934688
-33.6,0.049289405,0.004837021
-33.5,0.049356516,0.0047937483
-33.4,0.049465165,0.0047883866
-33.3,0.049589545,0.0047918633
-33.2,0.049701624,0.0047750543
-33.1,0.04977863,0.0047317143
-33.0,0.0498213,0.0046738246
-32.9,0.049842004,0.0046162
-32.8,0.049858775,0.004562049
-32.7,0.049867176,0.0045083635
-32.6,0.04987531,0.0044659586
-32.5,0.049893517,0.004453023
-32.4,0.04994968,0.004484392
-32.3,0.05006437,0.0045458064
-32.2,0.050250046,0.0046091066
-32.1,0.05050588,0.0046408637
-32.0,0.05081828,0.0046274937
-31.9,0.051166017,0.004575051
-31.8,0.0515285,0.0045051663
-31.7,0.05188534,0.0044349646
-31.6,0.05223376,0.004377181
-31.5,0.052584205,0.0043288385
-31.4,0.05295279,0.0042898813
-31.3,0.05333104,0.0042427154
-31.2,0.053679436,0.004175861
-31.1,0.053969786,0.004092469
-31.0,0.05419638,0.0040100743
-30.9,0.054375917,0.0039293543
-30.8,0.054523274,0.003847779
-30.7,0.054646734,0.0037678084
-30.6,0.05474429,0.003706967
-30.5,0.054801527,0.0036742867
-30.4,0.054800596,0.0036671332
-30.3,0.05472546,0.0036816783
-30.2,0.054573935,0.003720749
-30.1,0.054409746,0.0038651195
-30.0,0.05426173,0.0041017462
-29.9,0.054361127,0.004500935
-29.8,0.054540865,0.0048963823
-29.7,0.054767087,0.005322024
-29.6,0.054737315,0.0056044417
-29.5,0.054660436,0.005762714
-29.4,0.054549996,0.005770543
-29.3,0.054416172,0.0056654005
-29.2,0.054275062,0.005518438
-29.1,0.054128848,0.0054114177
-29.0,0.053986344,0.0053749173
-28.9,0.05385315,0.005386426
-28.8,0.053727347,0.0054096207
-28.7,0.05361046,0.0054340665
-28.6,0.053507067,0.0054695834
-28.5,0.053427774,0.005531524
-28.4,0.053372964,0.0056153154
-28.3,0.053334303,0.005696684
-28.2,0.05330743,0.005756265
-28.1,0.05330431,0.0057836166
-28.0,0.053352326,0.0057927263
-27.9,0.053479068,0.0057937014
-27.8,0.0537024,0.0057992083
-27.7,0.054003004,0.005822476
-27.6,0.054352194,0.00586795
-27.5,0.0547185,0.0059245992
-27.4,0.055085227,0.005972476
-27.3,0.055438265,0.0059958627
-27.2,0.055781156,0.0059807766
-27.1,0.056113675,0.0059028775
-27.0,0.05642235,0.0057417452
-26.9,0.056675307,0.005521642
-26.8,0.056864455,0.005304467
-26.7,0.057008345,0.005159921
-26.6,0.05713757,0.0051312144
-26.5,0.057289273,0.0052069766
-26.4,0.057499006,0.005366116
-26.3,0.057788424,0.005600326
-26.2,0.058176197,0.005937107
-26.1,0.05867178,0.006397908
-26.0,0.059261046,0.006976828
-25.9,0.059883486,0.0076280055
-25.8,0.06044836,0.008270598
-25.7,0.060884576,0.008791395
-25.6,0.061155684,0.009082311
-25.5,0.06125361,0.009084093
-25.4,0.061190963,0.008810861
-25.3,0.0610137,0.0083475
-25.2,0.060805146,0.007820889
-25.1,0.06076014,0.0072694058
-25.0,0.060818024,0.0068899244
-24.9,0.060971107,0.006664383
-24.8,0.061116852,0.006604105
-24.7,0.06131277,0.0066007087
-24.6,0.061548658,0.006629011
-24.5,0.06179556,0.0066683814
-24.4,0.062044572,0.0066998443
-24.3,0.062274855,0.0067325966
-24.2,0.062497552,0.006778179
-24.1,0.062729165,0.0068348954
-24.0,0.06298879,0.0068946583
-23.9,0.06327485,0.0069646677
-23.8,0.06357629,0.0070647085
-23.7,0.063876234,0.007187701
-23.6,0.064177826,0.0073159896
-23.5,0.06450053,0.0074482174
-23.4,0.064848945,0.0075835413
-23.3,0.06521629,0.007693431
-23.2,0.06559457,0.0077249426
-23.1,0.065991744,0.007652738
-23.0,0.06641432,0.0074910163
-22.9,0.06686177,0.0072760647
-22.8,0.06734057,0.0070488406
-22.7,0.06785783,0.0068433243
-22.6,0.06840427,0.006680155
-22.5,0.06894449,0.0065586693
-22.4,0.069445215,0.006472125
-22.3,0.06988198,0.0064196815
-22.2,0.070257686,0.006407507
-22.1,0.070600785,0.00644618
-22.0,0.070939936,0.006541171
-21.9,0.07127687,0.006674116
-21.8,0.071594276,0.0068105455
-21.7,0.07189173,0.006916034
-21.6,0.0721885,0.0069794864
-21.5,0.072497666,0.00700636
-21.4,0.072810106,0.0070050303
-21.3,0.07311221,0.0069841673
-21.2,0.07338805,0.0069724545
-21.1,0.07362477,0.006990957
-21.0,0.07382029,0.0070404955
-20.9,0.07398426,0.007084377
-20.8,0.07413423,0.0070832144
-20.7,0.07427717,0.007018397
-20.6,0.07440024,0.0068994584
-20.5,0.074490584,0.0067520337
-20.4,0.074538104,0.006607111
-20.3,0.07454817,0.006494523
-20.2,0.07453413,0.0064327293
-20.1,0.07450787,0.0064078113
-20.0,0.07447931,0.006381473
-19.9,0.07446742,0.006319143
-19.8,0.07449379,0.0062109563
-19.7,0.07457548,0.006080205
-19.6,0.07472279,0.0059748725
-19.5,0.07494446,0.0059364736
-19.4,0.07523378,0.0059663807
-19.3,0.07556877,0.006040548
-19.2,0.0759254,0.006127203
-19.1,0.076286145,0.0062180595
-19.0,0.07662282,0.0063126595
-18.9,0.076916866,0.00639464
-18.8,0.07716913,0.0064448398
-18.7,0.077394724,0.0064456733
-18.6,0.07760012,0.006420655
-18.5,0.077777304,0.006390195
-18.4,0.077898964,0.006377885
-18.3,0.07793819,0.006396773
-18.2,0.0778734,0.0064613274
-18.1,0.07768662,0.006564018
-18.0,0.07737236,0.0066924845
-17.9,0.07694139,0.0068230387
-17.8,0.07642793,0.006931901
-17.7,0.07585741,0.0069957967
-17.6,0.07523577,0.006995692
-17.5,0.07456792,0.0069323694
-17.4,0.07387674,0.006817217
-17.3,0.073200114,0.006677181
-17.2,0.07257386,0.006532224
-17.1,0.07200845,0.0063896556
-17.0,0.07150274,0.00624871
-16.9,0.07104083,0.006114008
-16.8,0.070603855,0.005989516
-16.7,0.07017794,0.0058772406
-16.6,0.06975659,0.0057656057
-16.5,0.069328964,0.0056426767
-16.4,0.068886265,0.005511975
-16.3,0.06842718,0.005375735
-16.2,0.06796561,0.005257813
-16.1,0.06749896,0.0051598917
-16.0,0.067022376,0.0050926483
-15.9,0.06651401,0.005042081
-15.8,0.06598086,0.005018571
-15.7,0.065436006,0.005036892
-15.6,0.06489677,0.005112608
-15.5,0.064358905,0.0052105994
-15.4,0.063810684,0.005296389
-15.3,0.06326616,0.0053550443
-15.2,0.06275725,0.0053905887
-15.1,0.062326867,0.005402451
-15.0,0.062002975,0.0053904983
-14.9,0.061778065,0.005363787
-14.8,0.061617672,0.0053341165
-14.7,0.061493248,0.0053088823
-14.6,0.061393872,0.005282817
-14.5,0.061315227,0.005256678
-14.4,0.061249826,0.005253266
-14.3,0.061202962,0.005292499
-14.2,0.061198965,0.005375737
-14.1,0.061258618,0.0054761856
-14.0,0.061375186,0.0055647227
-13.9,0.06152674,0.00562687
-13.8,0.06168646,0.005662845
-13.7,0.06184965,0.005678042
-13.6,0.062031943,0.005691765
-13.5,0.06225097,0.0057142144
-13.4,0.062519446,0.0057434244
-13.3,0.062841885,0.005758516
-13.2,0.06323236,0.005750036
-13.1,0.06370094,0.0057158056
-13.0,0.064247705,0.005670681
-12.9,0.06485261,0.005622843
-12.8,0.065490626,0.005581523
-12.7,0.06612751,0.0055477545
-12.6,0.06674191,0.005530152
-12.5,0.06732336,0.005539635
-12.4,0.06786671,0.0055828383
-12.3,0.068362795,0.005660406
-12.2,0.06880099,0.0057719653
-12.1,0.06919212,0.0059155063
-12.0,0.06955927,0.0060754153
-11.9,0.069906995,0.0062302994
-11.8,0.07021658,0.0063713114
-11.7,0.07047773,0.006516732
-11.6,0.07070844,0.006695702
-11.5,0.07094528,0.006918107
-11.4,0.07117808,0.007128325
-11.3,0.071381085,0.007298064
-11.2,0.071550876,0.007414814
-11.1,0.071701355,0.007490751
-11.0,0.071844935,0.0075267334
-10.9,0.0719549,0.0075223004
-10.8,0.07201325,0.007490781
-10.7,0.07202216,0.007436144
-10.6,0.071992576,0.0073560597
-10.5,0.07194713,0.0072542676
-10.4,0.07189573,0.0071204966
-10.3,0.071836114,0.006945489
-10.2,0.07174474,0.006735743
-10.1,0.07139731,0.006410106
-10.0,0.07107211,0.006155345
-9.9,0.07046961,0.0060521513
-9.8,0.07007615,0.0060922694
-9.7,0.06972511,0.0061427047
-9.6,0.06962199,0.006155317
-9.5,0.06947823,0.0060965302
-9.4,0.06926399,0.005932776
-9.3,0.068974815,0.005673671
-9.2,0.06864189,0.0053657843
-9.1,0.06831884,0.0050706314
-9.0,0.06803693,0.0048337537
-8.9,0.06780924,0.004684287
-8.8,0.067638315,0.0046404283
-8.7,0.06754829,0.004837655
-8.6,0.06752934,0.005274382
-8.5,0.0675266,0.005371824
-8.4,0.06756762,0.00531491
-8.3,0.06767833,0.005050358
-8.2,0.06790203,0.005146024
-8.1,0.06816666,0.0052856877
-8.0,0.06842024,0.0054440047
-7.9,0.068647645,0.0055855135
-7.8,0.06886447,0.0056934357
-7.7,0.06909275,0.005762573
-7.6,0.069339946,0.005793689
-7.5,0.069584586,0.005780606
-7.4,0.06981163,0.005727549
-7.3,0.07001139,0.005644018
-7.2,0.070190445,0.0055453824
-7.1,0.07035448,0.005448109
-7.0,0.070502445,0.0053624837
-6.9,0.0706411,0.0053059403
-6.8,0.07077283,0.005293744
-6.7,0.07090254,0.0053343256
-6.6,0.07103473,0.005425713
-6.5,0.07117592,0.005549415
-6.4,0.071340434,0.0056848545
-6.3,0.07153526,0.005806211
-6.2,0.071766354,0.005863995
-6.1,0.07204149,0.005817918
-6.0,0.07237518,0.0056657363
-5.9,0.07279162,0.0054692575
-5.8,0.07331131,0.0053211423
-5.7,0.07395951,0.0052971947
-5.6,0.07474554,0.0054166154
-5.5,0.07564829,0.005623066
-5.4,0.07661884,0.005823403
-5.3,0.07761742,0.00596008
-5.2,0.07861998,0.006008698
-5.1,0.07960419,0.005978415
-5.0,0.080538,0.00588529
-4.9,0.081402265,0.0057500857
-4.8,0.08219521,0.0055986997
-4.7,0.08294678,0.005449241
-4.6,0.08369121,0.00532331
-4.5,0.08444544,0.0052380334
-4.4,0.08519285,0.005202942
-4.3,0.08590663,0.0051984484
-4.2,0.08656664,0.005199811
-4.1,0.08716028,0.00519166
-4.0,0.08766823,0.0051844167
-3.9,0.08807794,0.005179058
-3.8,0.08839689,0.005168108
-3.7,0.08865917,0.0051387157
-3.6,0.08890165,0.00509232
-3.5,0.08913915,0.005037463
-3.4,0.08936733,0.0049824733
-3.3,0.089558244,0.004927826
-3.2,0.089678645,0.0048860754
-3.1,0.0897186,0.004864611
-3.0,0.08969574,0.0048706755
-2.9,0.08964233,0.0049009155
-2.8,0.08958051,0.004939587
-2.7,0.08951454,0.0049652844
-2.6,0.089440525,0.0049617058
-2.5,0.089348495,0.0049401843
-2.4,0.08924561,0.004917851
-2.3,0.0891522,0.004910329
-2.2,0.08910049,0.004902802
-2.1,0.08909736,0.004884063
-2.0,0.0891459,0.0048599797
-1.9,0.08922694,0.0048595904
-1.8,0.08932743,0.004916482
-1.7,0.089425705,0.005028228
-1.6,0.08951403,0.0051799584
-1.5,0.08959672,0.0053264
-1.4,0.089680344,0.005435538
-1.3,0.08977379,0.0055055628
-1.2,0.0898821,0.0055571925
-1.1,0.09001068,0.0056021134
-1.0,0.09015473,0.0056451573
-0.9,0.09029871,0.0056757894
-0.8,0.09041552,0.0056891837
-0.7,0.090487674,0.005681542
-0.6,0.090499036,0.0056660613
-0.5,0.090457484,0.0056620054
-0.4,0.09038346,0.0056759915
-0.3,0.09031242,0.005715374
-0.2,0.09026079,0.005785924
-0.1,0.0902034,0.005860159
-0.0,0.09012427,0.0058928034
0.1,0.0900347,0.0058876355
0.2,0.08995963,0.005859135
0.3,0.089909084,0.005831962
0.4,0.08986587,0.00579443
0.5,0.08982369,0.0057510375
0.6,0.0897706,0.005730855
0.7,0.08971548,0.005741097
0.8,0.08966116,0.0057709333
0.9,0.08961331,0.005796279
1.0,0.0895644,0.005793268
1.1,0.08951116,0.0057669566
1.2,0.08946399,0.005727389
1.3,0.08943342,0.0056973924
1.4,0.089429036,0.0056884745
1.5,0.08943148,0.00570336
1.6,0.08942516,0.005755678
1.7,0.089404665,0.00586156
1.8,0.08938213,0.006031443
1.9,0.08936261,0.006248431
2.0,0.089332715,0.0064850906
2.1,0.08929653,0.00671384
2.2,0.089269474,0.0069310972
2.3,0.08927096,0.0071440996
2.4,0.089297816,0.0073564188
2.5,0.08933071,0.0075563407
2.6,0.089354366,0.0077402215
2.7,0.089372225,0.0079049
2.8,0.089404225,0.008057522
2.9,0.08945257,0.008180885
3.0,0.089517854,0.008260229
3.1,0.08960451,0.008293605
3.2,0.089721486,0.008299245
3.3,0.08985933,0.008293173
3.4,0.08998924,0.008269441
3.5,0.09009643,0.008230056
3.6,0.090177625,0.008192046
3.7,0.090245344,0.00818634
3.8,0.090314545,0.008238468
3.9,0.090395555,0.008371334
4.0,0.09048199,0.008580512
4.1,0.09055348,0.00884171
4.2,0.09060245,0.009128647
4.3,0.09063841,0.009443685
4.4,0.09066484,0.009798681
4.5,0.090676986,0.010204563
4.6,0.09065955,0.010641832
4.7,0.09061965,0.011090762
4.8,0.09057996,0.011543594
4.9,0.09056264,0.012002336
5.0,0.090580486,0.012467204
5.1,0.09062312,0.012919846
5.2,0.09068299,0.013348205
5.3,0.090775944,0.013748746
5.4,0.09093047,0.014120879
5.5,0.09116836,0.01446585
5.6,0.09146929,0.0147691695
5.7,0.09181082,0.014999872
5.8,0.0921721,0.015154284
5.9,0.09254022,0.015239281
6.0,0.09287811,0.015263129
6.1,0.09316515,0.015225118
6.2,0.09340984,0.015120391
6.3,0.09362081,0.014941314
6.4,0.0937934,0.014678614
6.5,0.09392509,0.014345088
6.6,0.09403925,0.013957658
6.7,0.094168596,0.013510516
6.8,0.09432463,0.012975376
6.9,0.09451088,0.012353793
7.0,0.094720006,0.011665187
7.1,0.09494211,0.010949741
7.2,0.09516783,0.010258286
7.3,0.0953807,0.009643886
7.4,0.09554965,0.009119491
7.5,0.095632024,0.008676245
7.6,0.09558317,0.008313175
7.7,0.09537399,0.008048912
7.8,0.09500487,0.007874215
7.9,0.0945041,0.0077561103
8.0,0.093898505,0.0076575587
8.1,0.093190104,0.0075661135
8.2,0.092370585,0.007485167
8.3,0.091441214,0.0074547217
8.4,0.09039394,0.0074915984
8.5,0.08921038,0.0076036286
8.6,0.08789502,0.0077548344
8.7,0.08648181,0.007898246
8.8,0.085027784,0.008002305
8.9,0.08356866,0.0081042
9.0,0.08212213,0.0082956785
9.1,0.08069255,0.008561574
9.2,0.079287425,0.008774523
9.3,0.077930905,0.0088259075
9.4,0.076645866,0.008705434
9.5,0.075450845,0.008461869
9.6,0.07437884,0.008137727
9.7,0.07344403,0.0077991844
9.8,0.07264207,0.007512208
9.9,0.071938775,0.007308254
10.0,0.07131069,0.0071599223
10.1,0.07075407,0.007023316
10.2,0.07027377,0.006864093
10.3,0.06987144,0.0066687283
10.4,0.06951739,0.0064570913
10.5,0.06917303,0.0062630125
10.6,0.06880457,0.0061158002
10.7,0.06839942,0.0060281507
10.8,0.067952625,0.005997004
10.9,0.067478955,0.0060039056
11.0,0.06701299,0.006029407
11.1,0.066586144,0.0060362536
11.2,0.06620802,0.005991693
11.3,0.065870844,0.0059001124
11.4,0.06555254,0.005796856
11.5,0.06522331,0.0057219923
11.6,0.064866945,0.005674766
11.7,0.06447894,0.005637282
11.8,0.06406799,0.0055828975
11.9,0.063631795,0.0054806015
12.0,0.063175015,0.0053294934
12.1,0.06271224,0.005178917
12.2,0.062259085,0.005077534
12.3,0.06183247,0.0050341203
12.4,0.061434135,0.005013998
12.5,0.061074283,0.005004249
12.6,0.060760465,0.005012912
12.7,0.060501657,0.005044557
12.8,0.060293384,0.005088491
12.9,0.06012504,0.005130207
13.0,0.05999645,0.005161178
13.1,0.05991857,0.0051865336
13.2,0.059891935,0.005223424
13.3,0.059888527,0.0052965526
13.4,0.059883412,0.00542126
13.5,0.05988089,0.0056002853
13.6,0.059910666,0.005816138
13.7,0.059998035,0.006031856
13.8,0.06013949,0.006213939
13.9,0.0603189,0.0063563003
14.0,0.060514234,0.0064713648
14.1,0.060730048,0.006578216
14.2,0.060977105,0.0066828816
14.3,0.061268494,0.006786232
14.4,0.061606057,0.006888004
14.5,0.061983045,0.0069865915
14.6,0.062386367,0.007077636
14.7,0.06280591,0.0071605393
14.8,0.0632388,0.00724837
14.9,0.06369795,0.0073662545
15.0,0.06420554,0.007529482
15.1,0.06478183,0.0077241445
15.2,0.06541745,0.0079174135
15.3,0.06607707,0.00807663
15.4,0.06673402,0.008188248
15.5,0.067388006,0.008245213
15.6,0.06805246,0.008244381
15.7,0.068729036,0.008188589
15.8,0.0694102,0.008106012
15.9,0.07008706,0.008033203
16.0,0.07075771,0.007999353
16.1,0.07140491,0.008007423
16.2,0.072014816,0.008048069
16.3,0.07257836,0.008110915
16.4,0.07311583,0.008185789
16.5,0.073662974,0.008257186
16.6,0.07425126,0.008301775
16.7,0.074894026,0.008308079
16.8,0.07556874,0.008278239
16.9,0.076229796,0.008202577
17.0,0.0768413,0.008060685
17.1,0.077391095,0.007862655
17.2,0.07788431,0.0076514916
17.3,0.07832835,0.007476002
17.4,0.078718446,0.0073470804
17.5,0.07903459,0.007256845
17.6,0.079263836,0.0071963333
17.7,0.07940822,0.007161561
17.8,0.079480946,0.0071570696
17.9,0.07948977,0.0072039417
18.0,0.07944942,0.0073026535
18.1,0.0793997,0.0073967543
18.2,0.079367995,0.0074157254
18.3,0.079350606,0.0073500914
18.4,0.07934898,0.0072746687
18.5,0.07937701,0.007256092
18.6,0.07945661,0.0072887214
18.7,0.079602815,0.007306229
18.8,0.0797939,0.0072544734
18.9,0.0799936,0.0071118297
19.0,0.08017204,0.0068816743
19.1,0.08028927,0.006588546
19.2,0.080272734,0.00625566
19.3,0.08003135,0.005895837
19.4,0.07954797,0.005533254
19.5,0.07889225,0.005244768
19.6,0.07815385,0.0051282556
19.7,0.077389486,0.0051778303
19.8,0.076629415,0.0052524717
19.9,0.07587478,0.005226614
20.0,0.07514209,0.005073315
20.1,0.07444984,0.0048606405
20.2,0.07382874,0.00468919
20.3,0.073285535,0.0046003433
20.4,0.07280073,0.0045645563
20.5,0.0723261,0.0045224167
20.6,0.071816996,0.004455236
20.7,0.07124145,0.0043988484
20.8,0.0706062,0.0043833647
20.9,0.06993996,0.004422327
21.0,0.06930716,0.004505919
21.1,0.068772815,0.0046103075
21.2,0.06838165,0.0047019394
21.3,0.06813134,0.004746962
21.4,0.067975484,0.0047207945
21.5,0.06783677,0.004594545
21.6,0.06761925,0.004363505
21.7,0.06721726,0.004065991
21.8,0.06655621,0.003776252
21.9,0.06563538,0.0035591805
22.0,0.06454062,0.0034430427
22.1,0.063402504,0.0034295581
22.2,0.06235358,0.0034875679
22.3,0.06148312,0.0035900136
22.4,0.06081892,0.0037140315
22.5,0.060330734,0.0038172088
22.6,0.05998067,0.0038627374
22.7,0.05973857,0.00384759
22.8,0.05959758,0.003787059
22.9,0.05956901,0.003704893
23.0,0.059672367,0.00363153
23.1,0.059899587,0.003595669
23.2,0.060209148,0.0036054319
23.3,0.060568754,0.003672113
23.4,0.060987305,0.0038230754
23.5,0.061491206,0.0040616537
23.6,0.06208529,0.0043274546
23.7,0.06274394,0.0045501245
23.8,0.06342548,0.004694894
23.9,0.06409571,0.0047649173
24.0,0.064734094,0.0047799344
24.1,0.065335184,0.004753242
24.2,0.06589215,0.004680664
24.3,0.06639295,0.0045573255
24.4,0.0668232,0.00439839
24.5,0.06717068,0.0042481124
24.6,0.06743045,0.004151502
24.7,0.06762008,0.0041245916
24.8,0.067766525,0.0041521536
24.9,0.067903094,0.0042168093
25.0,0.06805559,0.004315024
25.1,0.06823566,0.0044468646
25.2,0.06844111,0.004606498
25.3,0.068662725,0.004764748
25.4,0.06890903,0.0048838607
25.5,0.0691941,0.004944354
25.6,0.06952283,0.0049522854
25.7,0.06988778,0.0049313162
25.8,0.07027622,0.004908304
25.9,0.07067843,0.004902783
26.0,0.071075685,0.0049185087
26.1,0.07143572,0.004934079
26.2,0.07172522,0.0049382253
26.3,0.07193175,0.0049434737
26.4,0.07206924,0.004972466
26.5,0.072172,0.0050397962
26.6,0.07227667,0.0051476816
26.7,0.07241169,0.00529531
26.8,0.07258935,0.005465903
26.9,0.07280345,0.0056300727
27.0,0.07304534,0.0057675657
27.1,0.07331877,0.0058703725
27.2,0.07364862,0.005957311
27.3,0.07405903,0.006057854
27.4,0.0745532,0.0062159975
27.5,0.07512778,0.006442054
27.6,0.07578857,0.006722221
27.7,0.0765426,0.00702802
27.8,0.07738014,0.007338708
27.9,0.078271456,0.0076498236
28.0,0.07919402,0.007957062
28.1,0.08013363,0.00825462
28.2,0.08108934,0.008521869
28.3,0.08204666,0.008741544
28.4,0.08298211,0.008893057
28.5,0.083860315,0.008955446
28.6,0.084665075,0.008918208
28.7,0.08540832,0.008792015
28.8,0.08610818,0.008599677
28.9,0.08676792,0.008366728
29.0,0.08735609,0.008120366
29.1,0.087830015,0.007890614
29.2,0.08814934,0.007680368
29.3,0.08829563,0.0074701933
29.4,0.08828393,0.007237861
29.5,0.0881479,0.006980328
29.6,0.087940276,0.006709554
29.7,0.087698825,0.006426983
29.8,0.08741945,0.0061623068
29.9,0.08706548,0.0059514917
30.0,0.08661315,0.005830782
30.1,0.086077236,0.005789173
30.2,0.085479304,0.005788389
30.3,0.08483105,0.005782585
30.4,0.08416321,0.0057364507
30.5,0.083524466,0.0056464556
30.6,0.08297066,0.005536908
30.7,0.08252403,0.0054480243
30.8,0.08217222,0.0054043294
30.9,0.08188244,0.0054077837
31.0,0.08160257,0.0054357387
31.1,0.08130372,0.005467994
31.2,0.08097032,0.005481968
31.3,0.08062093,0.0054669944
31.4,0.08026777,0.0054196995
31.5,0.07992387,0.005353394
31.6,0.07958942,0.0052887998
31.7,0.07925751,0.005235704
31.8,0.07891149,0.005189174
31.9,0.07855272,0.0051335986
32.0,0.07820892,0.0050661736
32.1,0.077903874,0.004989621
32.2,0.07764054,0.004908174
32.3,0.07740012,0.0048212893
32.4,0.07716933,0.0047336845
32.5,0.07694656,0.0046548205
32.6,0.07673416,0.0046101846
32.7,0.07629919,0.0045300457
32.8,0.07584621,0.0044761607
32.9,0.075359315,0.0044098897
33.0,0.0751827,0.004482927
33.1,0.0749864,0.004484088
33.2,0.07476946,0.004404139
33.3,0.074542694,0.004278526
33.4,0.0743365,0.004159175
33.5,0.074185126,0.004098399
33.6,0.07408908,0.00409775
33.7,0.074027,0.0041296883
33.8,0.07398279,0.0041784844
33.9,0.073952846,0.0042387214
34.0,0.07393106,0.0043032262
34.1,0.07389191,0.004358546
34.2,0.07382454,0.0043892935
34.3,0.07373503,0.00438732
34.4,0.07364621,0.0043535153
34.5,0.07356519,0.0042958357
34.6,0.07348904,0.0042226226
34.7,0.07340898,0.004134188
34.8,0.07332741,0.004038491
34.9,0.07325661,0.00394355
35.0,0.07321015,0.003855349
35.1,0.07320919,0.003782598
35.2,0.07326605,0.0037408005
35.3,0.073376246,0.0037417186
35.4,0.073510796,0.0037817243
35.5,0.073634565,0.0038394828
35.6,0.07373456,0.0038964439
35.7,0.07382143,0.0039453506
35.8,0.07391538,0.003982925
35.9,0.0740246,0.0040170583
36.0,0.07414303,0.0040559866
36.1,0.074262284,0.004102081
36.2,0.07437626,0.0041274754
36.3,0.074473664,0.00410917
36.4,0.07454091,0.0040529985
36.5,0.074576415,0.0039913906
36.6,0.07458395,0.00396104
36.7,0.074575365,0.0039912825
36.8,0.07454026,0.0040869084
36.9,0.07447805,0.0042111515
37.0,0.074376106,0.004306668
37.1,0.07422846,0.004343216
37.2,0.0740246,0.0043228418
37.3,0.073754825,0.0042570475
37.4,0.07340299,0.004170268
37.5,0.07297038,0.0041079023
37.6,0.07248232,0.0041156304
37.7,0.071974,0.00419638
37.8,0.07145733,0.0043009045
37.9,0.07094237,0.004374899
38.0,0.0704467,0.0043940037
38.1,0.069984555,0.004358803
38.2,0.06955282,0.004277142
38.3,0.06914257,0.004161469
38.4,0.068753555,0.0040137167
38.5,0.06837578,0.0038401335
38.6,0.067999125,0.0036445777
38.7,0.06762031,0.003453634
38.8,0.06724685,0.0032972882
38.9,0.06688489,0.003201598
39.0,0.066529244,0.0031615673
39.1,0.06617292,0.0031649692
39.2,0.065811925,0.0032049373
39.3,0.06544579,0.0032930258
39.4,0.06508242,0.0034294333
39.5,0.064740166,0.0035933314
39.6,0.064432465,0.0037383304
39.7,0.064166635,0.003834588
39.8,0.0639396,0.003864386
39.9,0.06375031,0.003840645
40.0,0.063603655,0.003776012
40.1,0.06350114,0.0036925133
40.2,0.0634277,0.0036105835
40.3,0.06335872,0.0035532531
40.4,0.06326622,0.0035482133
40.5,0.06314486,0.00359171
40.6,0.06298781,0.0036644388
40.7,0.06279823,0.0037420224
40.8,0.062572286,0.00382331
40.9,0.062324513,0.0039195013
41.0,0.062056996,0.0040279906
41.1,0.06176239,0.0040923567
41.2,0.061447673,0.0041176635
41.3,0.061128307,0.004097363
41.4,0.060829684,0.0040680887
41.5,0.060536165,0.0039898274
41.6,0.060237337,0.0038517674
41.7,0.059920657,0.0036751549
41.8,0.05959353,0.003492775
41.9,0.059265338,0.0033349614
42.0,0.058953825,0.0032301594
42.1,0.05867569,0.003193791
42.2,0.05842502,0.003228542
42.3,0.0581786,0.0033095411
42.4,0.0579002,0.0034062057
42.5,0.057561528,0.0034731447
42.6,0.05715766,0.0034634469
42.7,0.05670342,0.003365395
42.8,0.056254365,0.003202708
42.9,0.05582723,0.0030249741
43.0,0.055370145,0.0028182613
43.1,0.05493582,0.0026250465
43.2,0.054538537,0.0024636968
43.3,0.054177467,0.0023612978
43.4,0.053847384,0.0023371724
43.5,0.0535475,0.0023784938
43.6,0.05329005,0.0024528122
43.7,0.053076286,0.0025436834
43.8,0.052883163,0.0026431542
43.9,0.05268964,0.0027475043
44.0,0.05248998,0.0028453814
44.1,0.052298483,0.002922468
44.2,0.05212064,0.0029617853
44.3,0.05196489,0.0029638414
44.4,0.051828276,0.0029483503
44.5,0.05171193,0.0029358855
44.6,0.051600784,0.0029253813
44.7,0.051487613,0.002915547
44.8,0.051376034,0.0029125887
44.9,0.051277887,0.0029173996
45.0,0.05120414,0.002927673
45.1,0.051159408,0.0029645502
45.2,0.051144097,0.0030400478
45.3,0.051161025,0.0031692518
45.4,0.051189657,0.003312164
45.5,0.051223103,0.0034576391
45.6,0.051238105,0.0035600213
45.7,0.051235303,0.0036225074
45.8,0.051205076,0.003645159
45.9,0.051133245,0.003610927
46.0,0.05101456,0.003508525
46.1,0.050844897,0.0033250528
46.2,0.050644163,0.003102454
46.3,0.05042883,0.0028849093
46.4,0.05021986,0.0027085585
46.5,0.050038412,0.002588928
46.6,0.04989016,0.0025092452
46.7,0.0497726,0.002465428
46.8,0.049687985,0.0024583994
46.9,0.04964217,0.002492141
47.0,0.049635973,0.002554256
47.1,0.04965424,0.0026370161
47.2,0.049673244,0.00272589
47.3,0.049682837,0.0028216927
47.4,0.04968714,0.002904763
47.5,0.04969832,0.0029703057
47.6,0.049726926,0.003024891
47.7,0.04977263,0.0030910764
47.8,0.049830228,0.0031922741
47.9,0.04989171,0.003319612
48.0,0.04993786,0.0034550023
48.1,0.04995721,0.003571164
48.2,0.049932804,0.0036575606
48.3,0.049860183,0.003722265
48.4,0.049742892,0.0037773221
48.5,0.049593158,0.0038311963
48.6,0.049433433,0.0038708863
48.7,0.04928165,0.0038970734
48.8,0.049155287,0.0039144135
48.9,0.049065255,0.0039340123
49.0,0.049010586,0.003957465
49.1,0.048991885,0.0039845733
49.2,0.049006674,0.0040168962
49.3,0.049054228,0.004057988
49.4,0.049125742,0.0041002403
49.5,0.049211618,0.0041415645
49.6,0.049305797,0.0041750697
49.7,0.049420338,0.004202437
49.8,0.0495615,0.0042226356
49.9,0.04973222,0.0042314017
50.0,0.049913093,0.0042299745
50.1,0.050084554,0.004220857
50.2,0.050227765,0.0042032003
50.3,0.050335184,0.004180041
50.4,0.050413568,0.004163852
50.5,0.050475504,0.0041646385
50.6,0.05052658,0.004179393
50.7,0.05056427,0.0041986657
50.8,0.05057377,0.0042064344
50.9,0.050550777,0.0041962843
51.0,0.050485063,0.004161065
51.1,0.05038589,0.004107006
51.2,0.050257448,0.004042585
51.3,0.050117165,0.003972056
51.4,0.049980268,0.0039138407
51.5,0.04986283,0.0038829467
51.6,0.04978475,0.003896531
51.7,0.04974597,0.0039644414
51.8,0.049750872,0.004081501
51.9,0.049771268,0.0042369673
52.0,0.04979015,0.0043931184
52.1,0.049774703,0.0045157843
52.2,0.049722783,0.0045685614
52.3,0.0496412,0.004549274
52.4,0.049555577,0.0044790446
52.5,0.049484905,0.0043923827
52.6,0.04944731,0.0043066773
52.7,0.049445372,0.0042340113
52.8,0.049481086,0.004183265
52.9,0.049553417,0.004163765
53.0,0.049661614,0.004174449
53.1,0.049804017,0.0042093494
53.2,0.049972918,0.0042571654
53.3,0.0501552,0.0043103616
53.4,0.050343573,0.004360826
53.5,0.050531574,0.00440925
53.6,0.05072574,0.004443015
53.7,0.050934758,0.0044663046
53.8,0.051165015,0.0044672424
53.9,0.051423058,0.004459632
54.0,0.05170772,0.0044354554
54.1,0.052014265,0.004412257
54.2,0.05233939,0.0043909033
54.3,0.05266972,0.00438757
54.4,0.05300408,0.0044081523
54.5,0.05332664,0.0044489373
54.6,0.053639885,0.004505881
54.7,0.05393151,0.0045656925
54.8,0.05420447,0.004626402
54.9,0.054445237,0.0046806997
55.0,0.054648273,0.0047054524
55.1,0.05481187,0.0046937596
55.2,0.054931477,0.0046057603
55.3,0.055023324,0.0044659334
55.4,0.055112768,0.0042779483
55.5,0.055224743,0.0041060527
55.6,0.055379353,0.003971699
55.7,0.055565983,0.0038922299
55.8,0.055783555,0.003849405
55.9,0.056021478,0.0038260673
56.0,0.05627618,0.0038147517
56.1,0.05654715,0.0038083098
56.2,0.056824848,0.0038055526
56.3,0.057104856,0.003795112
56.4,0.05738276,0.0037969153
56.5,0.05765437,0.0038094404
56.6,0.057921264,0.003847672
56.7,0.058171183,0.0038902385
56.8,0.058407035,0.003930774
56.9,0.058620013,0.0039619603
57.0,0.058822796,0.0039925817
57.1,0.059020426,0.0040253554
57.2,0.059230316,0.004059811
57.3,0.059449866,0.0040847543
57.4,0.059684515,0.0040950654
57.5,0.05992729,0.0040880316
57.6,0.06018856,0.0040674075
57.7,0.060455974,0.004040946
57.8,0.060732853,0.004004192
57.9,0.06100764,0.0039596637
58.0,0.061284665,0.0038992804
58.1,0.06155908,0.003829253
58.2,0.061825536,0.0037488935
58.3,0.06208328,0.003670856
58.4,0.06231533,0.00359886
58.5,0.062530845,0.0035451907
58.6,0.06271978,0.0035063187
58.7,0.06290952,0.0034897274
58.8,0.063094445,0.0034859912
58.9,0.06329516,0.0035049554
59.0,0.06350489,0.0035394125
59.1,0.063727744,0.003590109
59.2,0.06396694,0.0036357983
59.3,0.064211264,0.003670076
59.4,0.06447676,0.0036762827
59.5,0.064745866,0.0036634188
59.6,0.0650358,0.0036323573
59.7,0.06533101,0.0035954057
59.8,0.06563899,0.0035423203
59.9,0.06594973,0.0034731212
60.0,0.06626158,0.0033797584
60.1,0.06656861,0.0032761262
60.2,0.066863306,0.0031618238
60.3,0.06715479,0.0030518204
60.4,0.06744178,0.002944795
60.5,0.06774207,0.0028438366
60.6,0.06804877,0.0027412341
60.7,0.068370424,0.0026363838
60.8,0.06869294,0.0025214811
60.9,0.069016345,0.0024019754
61.0,0.06933486,0.002282246
61.1,0.06965414,0.002172834
61.2,0.06997157,0.002078455
61.3,0.07028641,0.001993267
61.4,0.07059772,0.0019208714
61.5,0.07090595,0.0018592854
61.6,0.071215354,0.0018109033
61.7,0.071530044,0.001772015
61.8,0.07185118,0.0017461653
61.9,0.07217689,0.0017386875
62.0,0.07250762,0.001763048
62.1,0.07283933,0.001812753
62.2,0.073173404,0.0018831041
62.3,0.07349805,0.0019493103
62.4,0.073819384,0.0020035363
62.5,0.07413048,0.002049241
62.6,0.07444117,0.0021051953
62.7,0.07474932,0.0021851277
62.8,0.075073324,0.0022924796
62.9,0.0754095,0.0024157616
63.0,0.075778134,0.0025369788
63.1,0.07618018,0.002653558
63.2,0.07663258,0.002745638
63.3,0.0771295,0.002821718
63.4,0.0776747,0.0028723243
63.5,0.07825066,0.0029079486
63.6,0.0788532,0.0029283145
63.7,0.079460934,0.0029383784
63.8,0.080072,0.0029397376
63.9,0.08067302,0.002934452
64.0,0.08125927,0.0029279052
64.1,0.08183158,0.002917059
64.2,0.08238578,0.0029064422
64.3,0.08293955,0.0029099428
64.4,0.08348801,0.0029263666
64.5,0.084044054,0.002931105
64.6,0.0846025,0.0029263445
64.7,0.085177824,0.0028986207
64.8,0.08576128,0.0028624563
64.9,0.0863528,0.0027990113
65.0,0.086943604,0.002723214
65.1,0.08753633,0.0026450334
65.2,0.08813,0.0025897285
65.3,0.088732414,0.002567273
65.4,0.08935925,0.0025799053
65.5,0.09000099,0.0026094653
65.6,0.09065777,0.00264936
65.7,0.09131018,0.002695998
65.8,0.09195901,0.002736056
65.9,0.09258143,0.0027650427
66.0,0.09318191,0.0027785448
66.1,0.09374298,0.002770006
66.2,0.09427821,0.0027471564
66.3,0.09478056,0.0027102923
66.4,0.09526243,0.002669811
66.5,0.095730364,0.0026272382
66.6,0.09618074,0.0025895385
66.7,0.09662819,0.0025568923
66.8,0.09707188,0.0025373013
66.9,0.09753318,0.002536094
67.0,0.09800215,0.0025551368
67.1,0.098483145,0.0025956014
67.2,0.09897011,0.0026620117
67.3,0.09945217,0.0027337996
67.4,0.09991651,0.002807149
67.5,0.100358,0.0028817563
67.6,0.10079568,0.0029485761
67.7,0.101234384,0.0030072588
67.8,0.10166888,0.0030482437
67.9,0.10210624,0.003078468
68.0,0.10253776,0.003096189
68.1,0.10296881,0.0031047207
68.2,0.10338681,0.0031167446
68.3,0.10380536,0.003135643
68.4,0.104231775,0.0031581426
68.5,0.104661174,0.0031836815
68.6,0.1051033,0.0032125493
68.7,0.10554294,0.0032489477
68.8,0.105989754,0.0032882714
68.9,0.106437266,0.003331294
69.0,0.106896974,0.0033738257
69.1,0.10737301,0.0034084346
69.2,0.10785043,0.0034345349
69.3,0.108345985,0.0034493082
69.4,0.10885365,0.0034568612
69.5,0.10937569,0.003446627
69.6,0.10990316,0.003428117
69.7,0.11043265,0.0034036827
69.8,0.11097984,0.003376418
69.9,0.111538105,0.0033496234
70.0,0.11211266,0.0033294735
70.1,0.112695016,0.0033138206
70.2,0.1132757,0.0033090233
70.3,0.11385888,0.0033061283
70.4,0.11445451,0.003313184
70.5,0.11506223,0.0033272218
70.6,0.11568209,0.0033422199
70.7,0.11629585,0.0033576374
70.8,0.116914354,0.0033647479
70.9,0.117538735,0.0033691442
71.0,0.118169054,0.00336697
71.1,0.118811876,0.0033573357
71.2,0.11946741,0.0033523422
71.3,0.12014813,0.003346572
71.4,0.12085501,0.0033421305
71.5,0.12157814,0.003337464
71.6,0.12232482,0.0033389432
71.7,0.123090185,0.0033518376
71.8,0.12386513,0.0033644382
71.9,0.124646336,0.0033766616
72.0,0.12542376,0.0033925534
72.1,0.12620638,0.0033978703
72.2,0.12699647,0.0034042387
72.3,0.12779221,0.0034143014
72.4,0.12860298,0.003429531
72.5,0.1294254,0.0034544826
72.6,0.13025126,0.0034782893
72.7,0.1310821,0.003500106
72.8,0.13191456,0.003527926
72.9,0.13273822,0.003548583
73.0,0.13355252,0.0035674183
73.1,0.13434792,0.00359805
73.2,0.13515034,0.0036372594
73.3,0.1359681,0.0036917604
73.4,0.1367965,0.0037521455
73.5,0.13764226,0.0038220906
73.6,0.1384942,0.0038754058
73.7,0.13935582,0.00390337
73.8,0.14022683,0.0039039017
73.9,0.141103,0.0039016174
74.0,0.14198008,0.0038896312
74.1,0.14285994,0.0038721706
74.2,0.14375573,0.0038696695
74.3,0.14466871,0.0038809003
74.4,0.14560483,0.0039026658
74.5,0.14655489,0.0039294427
74.6,0.14752358,0.0039674235
74.7,0.14851019,0.004020832
74.8,0.14951093,0.0041006096
74.9,0.15052406,0.004177187
75.0,0.15155093,0.0042671245
75.1,0.1525949,0.0043568728
75.2,0.15366079,0.0044420804
75.3,0.15474345,0.0045284713
75.4,0.15584293,0.004613437
75.5,0.1569624,0.0046869223
75.6,0.1581029,0.0047547887
75.7,0.15925427,0.004815743
75.8,0.1604214,0.0048675695
75.9,0.16160443,0.0049131196
76.0,0.16280483,0.004945186
76.1,0.16402175,0.004975947
76.2,0.16525425,0.005006058
76.3,0.16650763,0.0050354344
76.4,0.16777264,0.0050564683
76.5,0.1690571,0.0050906283
76.6,0.17036352,0.005128455
76.7,0.17169131,0.00517444
76.8,0.17303713,0.00522695
76.9,0.17440343,0.0052872933
77.0,0.17578383,0.0053425897
77.1,0.17718545,0.005399864
77.2,0.1786146,0.005451914
77.3,0.18005408,0.005495921
77.4,0.1815059,0.0055357926
77.5,0.18296838,0.0055757607
77.6,0.18444578,0.005593552
77.7,0.18593669,0.005615423
77.8,0.1874375,0.005639018
77.9,0.1889499,0.005649761
78.0,0.19047005,0.005667084
78.1,0.19200625,0.005701726
78.2,0.19356269,0.0057210266
78.3,0.19512773,0.0057334895
78.4,0.19670393,0.0057477164
78.5,0.19830093,0.0057530073
78.6,0.1999146,0.0057680896
78.7,0.20155402,0.005811492
78.8,0.20322949,0.005855794
78.9,0.20492052,0.005918639
79.0,0.20662919,0.0059977057
79.1,0.20837289,0.006103282
79.2,0.21014065,0.0062174615
79.3,0.21193902,0.0063535036
79.4,0.21376494,0.0065040323
79.5,0.21562465,0.006633846
79.6,0.21748972,0.006745953
79.7,0.21936807,0.006844135
79.8,0.2212755,0.006886009
79.9,0.22320715,0.006905649
80.0,0.22516643,0.006924272
80.1,0.22717778,0.006929522
80.2,0.22920041,0.0069337883
80.3,0.23124528,0.0069546523
80.4,0.23330942,0.007000908
80.5,0.23522972,0.00678465
80.6,0.23698637,0.006344641
80.7,0.23860241,0.005729167
80.8,0.24025294,0.005112147
80.9,0.24189506,0.004514295
81.0,0.24353713,0.0039393413
81.1,0.24519281,0.0034319467
81.2,0.24684174,0.002999528
81.3,0.24849184,0.002700538
81.4,0.25009504,0.0025103688
81.5,0.25130937,0.0020432072
81.6,0.2525941,0.0013048844
81.7,0.25426757,0.0007649664
81.8,nan,nan
81.9,nan,nan
82.0,nan,nan
82.1,nan,nan
82.2,nan,nan
82.3,nan,nan
82.4,nan,nan
82.5,nan,nan
82.6,nan,nan
82.7,nan,nan
82.8,nan,nan
82.9,nan,nan
83.0,nan,nan
83.1,nan,nan
83.2,nan,nan
83.3,nan,nan
83.4,nan,nan
83.5,nan,nan
83.6,nan,nan
83.7,nan,nan
83.8,nan,nan
83.9,nan,nan
84.0,nan,nan
84.1,nan,nan
84.2,nan,nan
84.3,nan,nan
84.4,nan,nan
84.5,nan,nan
84.6,nan,nan
84.7,nan,nan
84.8,nan,nan
84.9,nan,nan
85.0,nan,nan
85.1,nan,nan
85.2,nan,nan
85.3,nan,nan
85.4,nan,nan
85.5,nan,nan
85.6,nan,nan
85.7,nan,nan
85.8,nan,nan
85.9,nan,nan
86.0,nan,nan
86.1,nan,nan
86.2,nan,nan
86.3,nan,nan
86.4,nan,nan
86.5,nan,nan
86.6,nan,nan
86.7,nan,nan
86.8,nan,nan
86.9,nan,nan
87.0,nan,nan
87.1,nan,nan
87.2,nan,nan
87.3,nan,nan
87.4,nan,nan
87.5,nan,nan
87.6,nan,nan
87.7,nan,nan
87.8,nan,nan
87.9,nan,nan
88.0,nan,nan
88.1,nan,nan
88.2,nan,nan
88.3,nan,nan
88.4,nan,nan
88.5,nan,nan
88.6,nan,nan
88.7,nan,nan
88.8,nan,nan
88.9,nan,nan
89.0,nan,nan
89.1,nan,nan
89.2,nan,nan
89.3,nan,nan
89.4,nan,nan
89.5,nan,nan
89.6,nan,nan
89.7,nan,nan
89.8,nan,nan
89.9,nan,nan
90.0,nan,nan
