PC_Latitude,I/F,Error
-90.0,nan,nan
-89.9,nan,nan
-89.8,nan,nan
-89.7,nan,nan
-89.6,nan,nan
-89.5,nan,nan
-89.4,nan,nan
-89.3,nan,nan
-89.2,nan,nan
-89.1,nan,nan
-89.0,nan,nan
-88.9,nan,nan
-88.8,nan,nan
-88.7,nan,nan
-88.6,nan,nan
-88.5,nan,nan
-88.4,nan,nan
-88.3,nan,nan
-88.2,nan,nan
-88.1,nan,nan
-88.0,nan,nan
-87.9,nan,nan
-87.8,nan,nan
-87.7,nan,nan
-87.6,nan,nan
-87.5,nan,nan
-87.4,nan,nan
-87.3,nan,nan
-87.2,nan,nan
-87.1,nan,nan
-87.0,nan,nan
-86.9,nan,nan
-86.8,nan,nan
-86.7,nan,nan
-86.6,nan,nan
-86.5,nan,nan
-86.4,nan,nan
-86.3,nan,nan
-86.2,nan,nan
-86.1,nan,nan
-86.0,nan,nan
-85.9,nan,nan
-85.8,nan,nan
-85.7,nan,nan
-85.6,nan,nan
-85.5,nan,nan
-85.4,nan,nan
-85.3,nan,nan
-85.2,nan,nan
-85.1,nan,nan
-85.0,nan,nan
-84.9,nan,nan
-84.8,nan,nan
-84.7,nan,nan
-84.6,nan,nan
-84.5,nan,nan
-84.4,nan,nan
-84.3,nan,nan
-84.2,nan,nan
-84.1,nan,nan
-84.0,nan,nan
-83.9,nan,nan
-83.8,nan,nan
-83.7,nan,nan
-83.6,nan,nan
-83.5,nan,nan
-83.4,nan,nan
-83.3,nan,nan
-83.2,nan,nan
-83.1,nan,nan
-83.0,nan,nan
-82.9,nan,nan
-82.8,nan,nan
-82.7,nan,nan
-82.6,nan,nan
-82.5,nan,nan
-82.4,nan,nan
-82.3,nan,nan
-82.2,nan,nan
-82.1,nan,nan
-82.0,nan,nan
-81.9,nan,nan
-81.8,nan,nan
-81.7,nan,nan
-81.6,nan,nan
-81.5,nan,nan
-81.4,nan,nan
-81.3,nan,nan
-81.2,nan,nan
-81.1,nan,nan
-81.0,nan,nan
-80.9,nan,nan
-80.8,nan,nan
-80.7,nan,nan
-80.6,nan,nan
-80.5,nan,nan
-80.4,nan,nan
-80.3,nan,nan
-80.2,nan,nan
-80.1,nan,nan
-80.0,nan,nan
-79.9,nan,nan
-79.8,nan,nan
-79.7,nan,nan
-79.6,nan,nan
-79.5,nan,nan
-79.4,nan,nan
-79.3,nan,nan
-79.2,nan,nan
-79.1,nan,nan
-79.0,nan,nan
-78.9,nan,nan
-78.8,nan,nan
-78.7,nan,nan
-78.6,nan,nan
-78.5,nan,nan
-78.4,nan,nan
-78.3,nan,nan
-78.2,nan,nan
-78.1,nan,nan
-78.0,nan,nan
-77.9,nan,nan
-77.8,nan,nan
-77.7,nan,nan
-77.6,nan,nan
-77.5,nan,nan
-77.4,nan,nan
-77.3,nan,nan
-77.2,nan,nan
-77.1,nan,nan
-77.0,nan,nan
-76.9,nan,nan
-76.8,nan,nan
-76.7,nan,nan
-76.6,nan,nan
-76.5,nan,nan
-76.4,nan,nan
-76.3,nan,nan
-76.2,nan,nan
-76.1,nan,nan
-76.0,0.32810366,0.0026367134
-75.9,0.3272626,0.0029017075
-75.8,0.32635298,0.0036026803
-75.7,0.32494587,0.0045879465
-75.6,0.3233118,0.0056237015
-75.5,0.32174617,0.0065943645
-75.4,0.32020494,0.0075511215
-75.3,0.31869406,0.008539543
-75.2,0.3171028,0.009418703
-75.1,0.31556126,0.0102368705
-75.0,0.31400624,0.0110525675
-74.9,0.31245086,0.011894043
-74.8,0.31094435,0.012744211
-74.7,0.3094812,0.013637335
-74.6,0.30800828,0.014503963
-74.5,0.30651614,0.015290351
-74.4,0.3049905,0.016029702
-74.3,0.30348977,0.016806912
-74.2,0.30201083,0.017630776
-74.1,0.30061293,0.018476713
-74.0,0.29921934,0.01931385
-73.9,0.29788703,0.020219317
-73.8,0.29657987,0.021110095
-73.7,0.29533744,0.022053957
-73.6,0.29393739,0.02279845
-73.5,0.2922587,0.023194365
-73.4,0.2902756,0.023249019
-73.3,0.28813553,0.023109881
-73.2,0.28601104,0.022978313
-73.1,0.28393465,0.022835737
-73.0,0.2818861,0.022701409
-72.9,0.2798534,0.022590581
-72.8,0.27785015,0.022497287
-72.7,0.27586192,0.022428168
-72.6,0.27389142,0.022370355
-72.5,0.2719527,0.022308826
-72.4,0.27003685,0.022254506
-72.3,0.26814294,0.022219215
-72.2,0.2662615,0.022193698
-72.1,0.26439023,0.02219007
-72.0,0.26252514,0.022194052
-71.9,0.2606842,0.022199353
-71.8,0.25886628,0.022197867
-71.7,0.2570454,0.022191174
-71.6,0.25521612,0.022177486
-71.5,0.25337684,0.022169232
-71.4,0.2515555,0.02217256
-71.3,0.24975204,0.022170128
-71.2,0.2479784,0.022154296
-71.1,0.24621251,0.022128731
-71.0,0.24444592,0.022106206
-70.9,0.24269909,0.022086428
-70.8,0.24096362,0.022049563
-70.7,0.23922716,0.021978134
-70.6,0.23747838,0.02186705
-70.5,0.23572907,0.021747952
-70.4,0.2339882,0.021633737
-70.3,0.23225954,0.021516485
-70.2,0.23053771,0.021382064
-70.1,0.22882985,0.021231811
-70.0,0.22714111,0.02108327
-69.9,0.22547035,0.020948706
-69.8,0.22378975,0.020808915
-69.7,0.22209021,0.020645067
-69.6,0.22037892,0.02046135
-69.5,0.2186753,0.020269325
-69.4,0.21698077,0.020089177
-69.3,0.21528079,0.019917287
-69.2,0.21357259,0.019746816
-69.1,0.21185173,0.019578157
-69.0,0.21013561,0.019410523
-68.9,0.20841677,0.019235644
-68.8,0.20666768,0.019059382
-68.7,0.20490249,0.018878197
-68.6,0.20313698,0.018703546
-68.5,0.20138267,0.018531596
-68.4,0.19963336,0.01835578
-68.3,0.19788484,0.018173214
-68.2,0.19615194,0.018002125
-68.1,0.19443162,0.017826753
-68.0,0.19271775,0.017637627
-67.9,0.19101164,0.017439276
-67.8,0.18931617,0.01723952
-67.7,0.18762556,0.017040852
-67.6,0.18593575,0.016831221
-67.5,0.18423532,0.01660603
-67.4,0.18252157,0.01638031
-67.3,0.18080598,0.016148383
-67.2,0.17910261,0.015927345
-67.1,0.17738608,0.015713727
-67.0,0.17565826,0.015499811
-66.9,0.17392057,0.015271651
-66.8,0.17215757,0.015032365
-66.7,0.17035393,0.014782066
-66.6,0.16849941,0.014509244
-66.5,0.16662885,0.014232911
-66.4,0.16472897,0.013967715
-66.3,0.1627684,0.013725216
-66.2,0.16076112,0.01350476
-66.1,0.15873551,0.013301662
-66.0,0.15667379,0.013133488
-65.9,0.15455985,0.012999079
-65.8,0.15239793,0.012899527
-65.7,0.15022694,0.012831223
-65.6,0.14804246,0.012786367
-65.5,0.14581114,0.012777034
-65.4,0.14354387,0.012799161
-65.3,0.1412652,0.012827153
-65.2,0.1389696,0.012855163
-65.1,0.1366441,0.012874739
-65.0,0.13428341,0.012898717
-64.9,0.13192222,0.012927434
-64.8,0.12955631,0.012928622
-64.7,0.12716804,0.012901395
-64.6,0.124766625,0.0128409285
-64.5,0.1223812,0.012749115
-64.4,0.120010644,0.012613702
-64.3,0.11765517,0.012429315
-64.2,0.11529901,0.012208368
-64.1,0.11298207,0.011934329
-64.0,0.110698774,0.011612238
-63.9,0.10844757,0.011263497
-63.8,0.10623514,0.010879208
-63.7,0.10407587,0.010461908
-63.6,0.10197735,0.010028994
-63.5,0.099926405,0.009600026
-63.4,0.09793883,0.009158044
-63.3,0.096022606,0.008709301
-63.2,0.09416923,0.00829005
-63.1,0.09238666,0.007905317
-63.0,0.09068145,0.007562963
-62.9,0.0890486,0.0072652036
-62.8,0.08747511,0.007007297
-62.7,0.08597261,0.006791307
-62.6,0.0845422,0.006619302
-62.5,0.08317072,0.0064832824
-62.4,0.08185873,0.0063691824
-62.3,0.08061019,0.006281704
-62.2,0.0794165,0.0062185554
-62.1,0.07826629,0.006156532
-62.0,0.077150434,0.006095832
-61.9,0.07607318,0.006031392
-61.8,0.07503332,0.0059647188
-61.7,0.07402971,0.005891764
-61.6,0.073056385,0.005813273
-61.5,0.07210671,0.0057301107
-61.4,0.07118767,0.005648323
-61.3,0.07029139,0.0055721896
-61.2,0.069420725,0.005501363
-61.1,0.068573706,0.0054403
-61.0,0.06775044,0.0053880843
-60.9,0.06694091,0.0053394353
-60.8,0.06614241,0.0052899453
-60.7,0.065358035,0.005243849
-60.6,0.064581834,0.0052079493
-60.5,0.06382041,0.0051830113
-60.4,0.06306665,0.0051672035
-60.3,0.062319994,0.005156868
-60.2,0.061575223,0.0051481514
-60.1,0.060836,0.0051392172
-60.0,0.06010106,0.0051272153
-59.9,0.059368238,0.0051054787
-59.8,0.058641966,0.0050764233
-59.7,0.05792934,0.005038435
-59.6,0.05723913,0.004989917
-59.5,0.05656544,0.004926868
-59.4,0.055915892,0.0048556174
-59.3,0.055281654,0.0047709965
-59.2,0.054669537,0.0046826126
-59.1,0.0540749,0.0045905164
-59.0,0.053508945,0.0045012156
-58.9,0.052973345,0.004413616
-58.8,0.05247697,0.0043271147
-58.7,0.052029867,0.0042464803
-58.6,0.051628597,0.00417605
-58.5,0.051281344,0.004110553
-58.4,0.050977398,0.0040492765
-58.3,0.050724655,0.004003205
-58.2,0.05052297,0.003963502
-58.1,0.05036998,0.00393669
-58.0,0.050263923,0.003916927
-57.9,0.050199464,0.0039032344
-57.8,0.050164614,0.003900287
-57.7,0.05015791,0.0039067753
-57.6,0.050159212,0.0039280523
-57.5,0.05017032,0.003962221
-57.4,0.05017618,0.004003111
-57.3,0.05017679,0.0040537966
-57.2,0.050161604,0.004107673
-57.1,0.05013079,0.004157001
-57.0,0.05008012,0.004204805
-56.9,0.050009415,0.0042476016
-56.8,0.049921174,0.004286853
-56.7,0.049815327,0.0043171523
-56.6,0.049691834,0.0043360884
-56.5,0.049551625,0.004347606
-56.4,0.04938995,0.004348409
-56.3,0.049211472,0.0043328702
-56.2,0.049016118,0.004306415
-56.1,0.048812963,0.0042630294
-56.0,0.04860009,0.004215732
-55.9,0.048385456,0.0041574705
-55.8,0.048169516,0.004099866
-55.7,0.04795837,0.0040438874
-55.6,0.047751494,0.004
-55.5,0.047546264,0.003969927
-55.4,0.047343045,0.00395715
-55.3,0.04714249,0.003956943
-55.2,0.0469444,0.0039658193
-55.1,0.04675621,0.0039766408
-55.0,0.046576954,0.003984289
-54.9,0.046414312,0.0039900057
-54.8,0.046261746,0.0039993394
-54.7,0.046120808,0.0040117097
-54.6,0.04599031,0.004032442
-54.5,0.045878865,0.004058062
-54.4,0.045785002,0.004094702
-54.3,0.04570938,0.0041345074
-54.2,0.045651652,0.0041793003
-54.1,0.045605693,0.004225583
-54.0,0.045576096,0.004261756
-53.9,0.04555165,0.0042899237
-53.8,0.04553565,0.0042974264
-53.7,0.045517355,0.0042932397
-53.6,0.04549453,0.0042684176
-53.5,0.04546553,0.0042317323
-53.4,0.045424514,0.004178614
-53.3,0.045373958,0.0041138562
-53.2,0.04531306,0.004039665
-53.1,0.045247372,0.0039653652
-53.0,0.045175485,0.00389053
-52.9,0.045104973,0.0038244398
-52.8,0.04503024,0.003769578
-52.7,0.044956494,0.0037367267
-52.6,0.044878807,0.0037192404
-52.5,0.0448006,0.0037172274
-52.4,0.044720743,0.003723903
-52.3,0.04463231,0.0037316794
-52.2,0.04453773,0.0037377384
-52.1,0.04442854,0.0037324098
-52.0,0.04431164,0.0037183762
-51.9,0.044188287,0.0036916847
-51.8,0.044071052,0.0036616016
-51.7,0.04396616,0.0036236045
-51.6,0.04387777,0.003586941
-51.5,0.043809813,0.0035545435
-51.4,0.043759815,0.0035336255
-51.3,0.04372486,0.0035288455
-51.2,0.043698467,0.0035285705
-51.1,0.043675292,0.0035358896
-51.0,0.04365283,0.0035332562
-50.9,0.043627646,0.0035311738
-50.8,0.04360742,0.0035248555
-50.7,0.043597035,0.0035219
-50.6,0.043602955,0.003525293
-50.5,0.04362947,0.0035321054
-50.4,0.04367084,0.0035434102
-50.3,0.04371964,0.0035474957
-50.2,0.04376214,0.0035523754
-50.1,0.04378665,0.0035610588
-50.0,0.043790866,0.003573308
-49.9,0.043771043,0.0035837698
-49.8,0.04373408,0.003583763
-49.7,0.043692216,0.0035736181
-49.6,0.043651298,0.0035529807
-49.5,0.043617457,0.0035293505
-49.4,0.043584984,0.003506906
-49.3,0.043551303,0.0034987181
-49.2,0.043517884,0.0034983647
-49.1,0.04348651,0.0035215262
-49.0,0.04346328,0.0035582206
-48.9,0.043448623,0.0036193046
-48.8,0.043447636,0.003692523
-48.7,0.04345663,0.0037733016
-48.6,0.043485366,0.0038544093
-48.5,0.043524593,0.0039330446
-48.4,0.043571804,0.0040083113
-48.3,0.043616876,0.0040773684
-48.2,0.04364832,0.004140293
-48.1,0.043666877,0.004195818
-48.0,0.04366773,0.0042436454
-47.9,0.043659195,0.0042855386
-47.8,0.0436429,0.0043187444
-47.7,0.043620806,0.004349762
-47.6,0.043587297,0.0043776287
-47.5,0.043537356,0.004406151
-47.4,0.04346849,0.0044360915
-47.3,0.043388426,0.00446449
-47.2,0.043304507,0.004498814
-47.1,0.043218363,0.0045315614
-47.0,0.04314029,0.0045650755
-46.9,0.043069165,0.004590198
-46.8,0.04300914,0.004610923
-46.7,0.042949095,0.004627826
-46.6,0.042885873,0.004644341
-46.5,0.04281734,0.0046614106
-46.4,0.042742886,0.0046781735
-46.3,0.04267311,0.004698853
-46.2,0.04260772,0.0047160024
-46.1,0.04254684,0.0047302744
-46.0,0.042486884,0.00473633
-45.9,0.042426724,0.004738752
-45.8,0.042373832,0.0047446303
-45.7,0.042323846,0.004755344
-45.6,0.04227909,0.004774359
-45.5,0.042233765,0.0047908765
-45.4,0.04218736,0.004799655
-45.3,0.042144522,0.004796307
-45.2,0.04210621,0.004770014
-45.1,0.042080674,0.0047273478
-45.0,0.04206491,0.0046596187
-44.9,0.04206782,0.004583177
-44.8,0.0420838,0.004495931
-44.7,0.042113837,0.0044081514
-44.6,0.042151067,0.0043232753
-44.5,0.042191934,0.004241621
-44.4,0.042229656,0.004166749
-44.3,0.04225394,0.0041035297
-44.2,0.042264376,0.0040505542
-44.1,0.0422548,0.004020139
-44.0,0.042233754,0.004000612
-43.9,0.04220252,0.004000553
-43.8,0.04217996,0.0040041753
-43.7,0.042172994,0.004013997
-43.6,0.042190533,0.0040226867
-43.5,0.042231947,0.0040376224
-43.4,0.042295884,0.0040535918
-43.3,0.042382546,0.004069661
-43.2,0.042488765,0.0040725973
-43.1,0.042613454,0.004062342
-43.0,0.042751975,0.0040363353
-42.9,0.042912167,0.004025387
-42.8,0.04308045,0.0040174937
-42.7,0.043257233,0.0040198383
-42.6,0.043420315,0.0040213093
-42.5,0.04358266,0.004040352
-42.4,0.04373493,0.0040883245
-42.3,0.043873098,0.004164355
-42.2,0.044006333,0.0042695007
-42.1,0.04414189,0.004390658
-42.0,0.044292234,0.004511636
-41.9,0.04446044,0.0046216017
-41.8,0.044648375,0.0047158683
-41.7,0.044856787,0.0047956076
-41.6,0.04507677,0.0048583252
-41.5,0.04530187,0.0048970515
-41.4,0.045517143,0.0048978273
-41.3,0.045711942,0.004860505
-41.2,0.045877717,0.004793508
-41.1,0.046014875,0.0047166687
-41.0,0.046132907,0.0046493895
-40.9,0.046237197,0.0045917835
-40.8,0.046330232,0.0045451648
-40.7,0.046409972,0.004497079
-40.6,0.0464783,0.0044484236
-40.5,0.04654262,0.0044032396
-40.4,0.04661438,0.0043677385
-40.3,0.046708293,0.004355001
-40.2,0.046831563,0.0043585086
-40.1,0.046987325,0.004379682
-40.0,0.047170896,0.0044075786
-39.9,0.047379263,0.0044455864
-39.8,0.047608208,0.0044914163
-39.7,0.047856994,0.004544559
-39.6,0.048122503,0.0046110046
-39.5,0.048396736,0.004691244
-39.4,0.048671264,0.0047909413
-39.3,0.04893234,0.004898321
-39.2,0.049173266,0.0050046155
-39.1,0.049386732,0.0050946316
-39.0,0.04957473,0.0051688966
-38.9,0.049739763,0.005231778
-38.8,0.049886163,0.005296381
-38.7,0.05002346,0.0053728665
-38.6,0.05015758,0.0054669036
-38.5,0.05029389,0.0056020105
-38.4,0.050427552,0.0057917116
-38.3,0.05055894,0.0060619344
-38.2,0.050697178,0.0064118057
-38.1,0.05084788,0.0068310904
-38.0,0.051013947,0.007282469
-37.9,0.05118453,0.0077352747
-37.8,0.051350523,0.00816585
-37.7,0.05150259,0.008561904
-37.6,0.051640686,0.008924351
-37.5,0.051761594,0.009231444
-37.4,0.051861484,0.009487946
-37.3,0.051931854,0.009682976
-37.2,0.051971857,0.009825444
-37.1,0.05198719,0.009916507
-37.0,0.051977832,0.009944194
-36.9,0.05194939,0.009919464
-36.8,0.05190287,0.009840607
-36.7,0.051846117,0.009728508
-36.6,0.051779512,0.009585488
-36.5,0.051695004,0.009408213
-36.4,0.05158413,0.009186496
-36.3,0.051447418,0.008922193
-36.2,0.051286414,0.008614013
-36.1,0.051108673,0.008281274
-36.0,0.050911527,0.007927099
-35.9,0.05069128,0.0075778076
-35.8,0.05044029,0.0072433017
-35.7,0.05015486,0.0069497568
-35.6,0.04984262,0.0067036813
-35.5,0.049515452,0.0065072826
-35.4,0.04919844,0.0063484507
-35.3,0.04891204,0.0062254756
-35.2,0.048670582,0.006132999
-35.1,0.04847734,0.0060650217
-35.0,0.048327293,0.0060185725
-34.9,0.048214752,0.0059871213
-34.8,0.0481297,0.0059734466
-34.7,0.048067182,0.0059658824
-34.6,0.04802141,0.005958957
-34.5,0.04798672,0.0059360755
-34.4,0.047967315,0.0058997846
-34.3,0.04796575,0.0058500674
-34.2,0.04799387,0.0057935338
-34.1,0.04805495,0.0057297107
-34.0,0.04815846,0.0056486945
-33.9,0.048297208,0.0055468343
-33.8,0.04846082,0.005418206
-33.7,0.048629098,0.0052822107
-33.6,0.048785042,0.005150381
-33.5,0.048923805,0.005039872
-33.4,0.049043804,0.0049578287
-33.3,0.04915026,0.004901735
-33.2,0.04923425,0.004863315
-33.1,0.04929121,0.004827093
-33.0,0.049324542,0.0047860825
-32.9,0.049347825,0.0047448995
-32.8,0.04938755,0.004717386
-32.7,0.049465314,0.0047154897
-32.6,0.04960125,0.004741095
-32.5,0.049798474,0.0047936756
-32.4,0.050053984,0.004874686
-32.3,0.05036244,0.0049791746
-32.2,0.050723366,0.0050960085
-32.1,0.051131494,0.0052041635
-32.0,0.05158306,0.0052983416
-31.9,0.052066278,0.005385765
-31.8,0.05257082,0.005489762
-31.7,0.053075165,0.005622752
-31.6,0.05355894,0.005785779
-31.5,0.0540069,0.005969836
-31.4,0.054412294,0.0061598425
-31.3,0.054774318,0.0063368008
-31.2,0.05508747,0.0064865593
-31.1,0.05534893,0.00660044
-31.0,0.05556166,0.0066913986
-30.9,0.05573676,0.0067637395
-30.8,0.055888962,0.006826002
-30.7,0.056021634,0.0068646832
-30.6,0.05612151,0.00688046
-30.5,0.056504846,0.0069239778
-30.4,0.056882937,0.006946972
-30.3,0.05702595,0.0071145594
-30.2,0.05664684,0.0072555305
-30.1,0.056148697,0.007356372
-30.0,0.055942975,0.007235459
-29.9,0.055696264,0.007095701
-29.8,0.05542702,0.0069460063
-29.7,0.05514975,0.006786362
-29.6,0.054890778,0.0066261515
-29.5,0.054641746,0.0064736977
-29.4,0.05440652,0.0063448977
-29.3,0.054177284,0.0062285108
-29.2,0.053959075,0.0061138514
-29.1,0.053741585,0.0059946114
-29.0,0.053517416,0.005881161
-28.9,0.05327567,0.0057963626
-28.8,0.053021796,0.005766838
-28.7,0.052772798,0.0058042435
-28.6,0.05257905,0.005905685
-28.5,0.05247049,0.0060439683
-28.4,0.052451,0.0061971974
-28.3,0.052484974,0.006353079
-28.2,0.05254381,0.006501324
-28.1,0.05262262,0.0066344882
-28.0,0.05273198,0.006740798
-27.9,0.052877918,0.006815946
-27.8,0.053061064,0.0068658125
-27.7,0.05327197,0.006901411
-27.6,0.05350956,0.00692301
-27.5,0.053760692,0.0069272374
-27.4,0.054018985,0.006911695
-27.3,0.05427943,0.006893705
-27.2,0.054545008,0.00688823
-27.1,0.054810476,0.006903843
-27.0,0.055062562,0.006937729
-26.9,0.055309724,0.006980467
-26.8,0.055569224,0.0070151864
-26.7,0.05586789,0.0070258426
-26.6,0.056215618,0.0069980803
-26.5,0.056604486,0.0069232658
-26.4,0.05702453,0.0068093003
-26.3,0.057447556,0.0066662943
-26.2,0.057871718,0.006522436
-26.1,0.05829699,0.0063949893
-26.0,0.05873763,0.006299955
-25.9,0.05919796,0.0062361914
-25.8,0.059666384,0.0062002945
-25.7,0.060129903,0.0061916336
-25.6,0.06056778,0.0062041674
-25.5,0.060970563,0.0062287115
-25.4,0.061332546,0.006247069
-25.3,0.06166531,0.0062502264
-25.2,0.06198412,0.00623443
-25.1,0.06229521,0.0062074033
-25.0,0.06258882,0.0061840066
-24.9,0.06284787,0.0061772354
-24.8,0.06307972,0.00618659
-24.7,0.06328417,0.006192642
-24.6,0.06347278,0.006179983
-24.5,0.06364073,0.006149899
-24.4,0.06379393,0.006116738
-24.3,0.06393626,0.00608627
-24.2,0.06407709,0.0060577486
-24.1,0.06423781,0.0060193213
-24.0,0.06442496,0.0059566707
-23.9,0.064635895,0.0058571864
-23.8,0.064851925,0.0057264916
-23.7,0.06506973,0.0055892416
-23.6,0.06528808,0.0054781036
-23.5,0.06550722,0.0054097073
-23.4,0.06572181,0.005388527
-23.3,0.065932184,0.0053959475
-23.2,0.066161945,0.0054111164
-23.1,0.066433616,0.005423846
-23.0,0.06676946,0.005441048
-22.9,0.067016006,0.005514506
-22.8,0.06731567,0.005621008
-22.7,0.06765039,0.0057578324
-22.6,0.0681625,0.0058747046
-22.5,0.068679735,0.0060194456
-22.4,0.06919009,0.00619044
-22.3,0.0696928,0.0063784593
-22.2,0.07017893,0.0065665403
-22.1,0.07064855,0.0067517427
-22.0,0.07110657,0.0069550527
-21.9,0.07156873,0.0071749226
-21.8,0.07203935,0.007388055
-21.7,0.07251338,0.007566583
-21.6,0.07297129,0.007692155
-21.5,0.073393315,0.0077706417
-21.4,0.073763594,0.007813692
-21.3,0.074070066,0.007849199
-21.2,0.07430945,0.007898483
-21.1,0.074487746,0.007975268
-21.0,0.07463275,0.008073517
-20.9,0.07475755,0.008192117
-20.8,0.074845344,0.008317344
-20.7,0.07487031,0.0084412685
-20.6,0.07481784,0.008556594
-20.5,0.074697584,0.008658273
-20.4,0.0745286,0.008748199
-20.3,0.074348666,0.008807375
-20.2,0.07420352,0.008820218
-20.1,0.07412673,0.008779817
-20.0,0.07412599,0.008714204
-19.9,0.07418428,0.008646048
-19.8,0.074264735,0.008597994
-19.7,0.07433437,0.008564828
-19.6,0.07438845,0.008542545
-19.5,0.0744461,0.008523386
-19.4,0.07451807,0.00851235
-19.3,0.0745948,0.008519418
-19.2,0.07465122,0.008556994
-19.1,0.07466369,0.008629494
-19.0,0.074620076,0.008721781
-18.9,0.0745259,0.00880393
-18.8,0.0744051,0.008859307
-18.7,0.07426132,0.00889335
-18.6,0.07407829,0.00892434
-18.5,0.07383936,0.008964981
-18.4,0.073541686,0.009022297
-18.3,0.07319618,0.009086312
-18.2,0.07281403,0.009122186
-18.1,0.07240657,0.0090977345
-18.0,0.07197966,0.008986333
-17.9,0.071547635,0.008797152
-17.8,0.07111868,0.008553418
-17.7,0.07069744,0.008295529
-17.6,0.07027978,0.008056849
-17.5,0.0698688,0.007851755
-17.4,0.06947444,0.007683903
-17.3,0.06909317,0.0075506866
-17.2,0.0687114,0.0074566645
-17.1,0.068315975,0.0074124215
-17.0,0.06789194,0.0074076583
-16.9,0.0674346,0.007419815
-16.8,0.06694262,0.007414468
-16.7,0.06642362,0.007372355
-16.6,0.06588531,0.007288024
-16.5,0.06532922,0.007166794
-16.4,0.06476258,0.0070146574
-16.3,0.06420208,0.0068397317
-16.2,0.063674815,0.0066486956
-16.1,0.063188806,0.006446914
-16.0,0.06273702,0.0062396685
-15.9,0.062300928,0.0060395105
-15.8,0.061875015,0.0058657182
-15.7,0.061441805,0.005720844
-15.6,0.060981024,0.005588662
-15.5,0.060474686,0.0054549365
-15.4,0.059922524,0.005315719
-15.3,0.059353966,0.005165746
-15.2,0.058809053,0.004990201
-15.1,0.05834273,0.0047914796
-15.0,0.057984006,0.004595215
-14.9,0.057754483,0.0044251983
-14.8,0.057644095,0.0042853737
-14.7,0.057647478,0.0041669826
-14.6,0.057750292,0.004063293
-14.5,0.057935197,0.003969465
-14.4,0.05815566,0.00389794
-14.3,0.058370035,0.00386741
-14.2,0.058554623,0.0038932064
-14.1,0.058702536,0.003951706
-14.0,0.058798637,0.0040220735
-13.9,0.05882808,0.00408972
-13.8,0.058788516,0.0041634985
-13.7,0.058702696,0.004251867
-13.6,0.05859451,0.0043553137
-13.5,0.058488794,0.004476656
-13.4,0.05840867,0.0046022614
-13.3,0.058399364,0.004712798
-13.2,0.05850606,0.0047934735
-13.1,0.058755077,0.0048557986
-13.0,0.05912967,0.0049212356
-12.9,0.059598614,0.0050152983
-12.8,0.060123354,0.0051388955
-12.7,0.060677174,0.0052804905
-12.6,0.06123639,0.005396274
-12.5,0.06177191,0.0054384116
-12.4,0.06225993,0.0054008486
-12.3,0.06269406,0.0053166123
-12.2,0.063087374,0.0052368375
-12.1,0.06344255,0.0051808576
-12.0,0.06376052,0.0051600216
-11.9,0.064043686,0.0051807477
-11.8,0.0643035,0.005241791
-11.7,0.064543515,0.005320331
-11.6,0.06477416,0.005407398
-11.5,0.06501903,0.0055029294
-11.4,0.065294996,0.005603172
-11.3,0.06560204,0.0056972527
-11.2,0.065915465,0.0057661464
-11.1,0.06622614,0.0058140685
-11.0,0.06652543,0.0058431956
-10.9,0.06681622,0.005860272
-10.8,0.067089185,0.0058734687
-10.7,0.067334436,0.005886101
-10.6,0.06754376,0.0058845556
-10.5,0.067567185,0.0059130886
-10.4,0.0675484,0.005884657
-10.3,0.0677175,0.005833068
-10.2,0.06794854,0.0057138084
-10.1,0.068130255,0.0056279516
-10.0,0.068109415,0.0055819745
-9.9,0.06804064,0.0055867387
-9.8,0.067941114,0.0056314874
-9.7,0.06782678,0.005717967
-9.6,0.06771423,0.0058442308
-9.5,0.06760835,0.0060076234
-9.4,0.06752326,0.006203283
-9.3,0.067475796,0.006421594
-9.2,0.06748388,0.0066383374
-9.1,0.06756025,0.0068196678
-9.0,0.06771029,0.006930707
-8.9,0.067927375,0.00696074
-8.8,0.06819887,0.0069208103
-8.7,0.06851094,0.006850505
-8.6,0.06884474,0.006781738
-8.5,0.069175005,0.006735285
-8.4,0.06948426,0.0067056785
-8.3,0.06976689,0.0066809417
-8.2,0.07002166,0.006665474
-8.1,0.07024351,0.006685842
-8.0,0.0704295,0.006759787
-7.9,0.070582606,0.006880263
-7.8,0.07072303,0.007016209
-7.7,0.07087436,0.007137383
-7.6,0.07105918,0.0072202347
-7.5,0.07129053,0.0072662174
-7.4,0.07157426,0.007305196
-7.3,0.07191942,0.007360584
-7.2,0.072323486,0.0074313898
-7.1,0.07277785,0.007488031
-7.0,0.07327202,0.0074994853
-6.9,0.0738116,0.0074472157
-6.8,0.07442059,0.0073262705
-6.7,0.07512433,0.0071570985
-6.6,0.07595623,0.006975499
-6.5,0.076947086,0.006827983
-6.4,0.078132406,0.0067443326
-6.3,0.07950978,0.0067498065
-6.2,0.08104424,0.006853774
-6.1,0.08267013,0.00704468
-6.0,0.08432121,0.007283951
-5.9,0.0859529,0.007539754
-5.8,0.08754486,0.0077994186
-5.7,0.08909636,0.00806059
-5.6,0.09060345,0.008315201
-5.5,0.09204774,0.008549815
-5.4,0.09340478,0.008744629
-5.3,0.094666205,0.008890435
-5.2,0.09583379,0.008978995
-5.1,0.09690727,0.009020663
-5.0,0.09787685,0.009028509
-4.9,0.09872918,0.009020374
-4.8,0.099457204,0.008997489
-4.7,0.10006417,0.008952484
-4.6,0.10056958,0.008887745
-4.5,0.100986965,0.008822605
-4.4,0.10133116,0.008776557
-4.3,0.10160834,0.008743821
-4.2,0.10182844,0.008706353
-4.1,0.101991825,0.008656828
-4.0,0.10210209,0.008603808
-3.9,0.10218283,0.00855957
-3.8,0.102252826,0.008530722
-3.7,0.10233419,0.008522459
-3.6,0.1024406,0.0085445745
-3.5,0.10257987,0.008607697
-3.4,0.102754585,0.008714281
-3.3,0.1029564,0.008837576
-3.2,0.10317891,0.008934572
-3.1,0.10340272,0.008981386
-3.0,0.10360773,0.008977925
-2.9,0.10378614,0.008941032
-2.8,0.10395053,0.008876602
-2.7,0.10411998,0.008801349
-2.6,0.104314476,0.008741846
-2.5,0.104544476,0.008724876
-2.4,0.10480798,0.008749457
-2.3,0.10509655,0.008802891
-2.2,0.105398044,0.008880731
-2.1,0.10569006,0.00899294
-2.0,0.10595463,0.009139805
-1.9,0.10618734,0.009305529
-1.8,0.106403776,0.0094762165
-1.7,0.1066144,0.009651002
-1.6,0.106822886,0.009831826
-1.5,0.107028574,0.010005964
-1.4,0.1072323,0.010155566
-1.3,0.10743711,0.010277994
-1.2,0.107641704,0.010384855
-1.1,0.10782789,0.010490492
-1.0,0.10796883,0.010594039
-0.9,0.10804606,0.010690259
-0.8,0.10807277,0.010775363
-0.7,0.10806828,0.010858382
-0.6,0.10804027,0.010950662
-0.5,0.10798466,0.011050621
-0.4,0.10789924,0.011142293
-0.3,0.1077982,0.011207507
-0.2,0.10768336,0.011248308
-0.1,0.1075455,0.011285244
-0.0,0.10737257,0.011329083
0.1,0.107168436,0.011372803
0.2,0.10693483,0.011395911
0.3,0.10667124,0.0113933515
0.4,0.10637847,0.01136562
0.5,0.10605874,0.011322557
0.6,0.10570845,0.011268183
0.7,0.10533536,0.011197779
0.8,0.10496535,0.011109686
0.9,0.10463045,0.011022555
1.0,0.104340285,0.010958553
1.1,0.104086205,0.010922136
1.2,0.10385236,0.010892722
1.3,0.10362309,0.010871187
1.4,0.10339149,0.01085392
1.5,0.10316103,0.010826907
1.6,0.10294095,0.010767216
1.7,0.10273036,0.010672182
1.8,0.10252303,0.010553152
1.9,0.10231135,0.010423552
2.0,0.10209064,0.010296892
2.1,0.10185051,0.010189019
2.2,0.10158356,0.010106709
2.3,0.10130447,0.010043632
2.4,0.10103691,0.009996438
2.5,0.1007889,0.009965678
2.6,0.10056199,0.009963435
2.7,0.100365385,0.010001087
2.8,0.10021685,0.010083104
2.9,0.10011447,0.010212171
3.0,0.10003337,0.010383415
3.1,0.099942565,0.010597322
3.2,0.099826865,0.010835002
3.3,0.099693105,0.01107125
3.4,0.09954815,0.01127774
3.5,0.099381775,0.011439869
3.6,0.09918046,0.011562739
3.7,0.09894628,0.011658505
3.8,0.09868793,0.011749541
3.9,0.09841865,0.011839663
4.0,0.09814705,0.011924434
4.1,0.097873464,0.0119895125
4.2,0.097590595,0.012042988
4.3,0.09730477,0.012092733
4.4,0.09703702,0.012143476
4.5,0.0968104,0.012191063
4.6,0.096620396,0.012232331
4.7,0.09645635,0.012269323
4.8,0.096304975,0.012302804
4.9,0.096179575,0.012336151
5.0,0.09608476,0.012371311
5.1,0.09601275,0.012415016
5.2,0.09595088,0.012480008
5.3,0.09591036,0.012578897
5.4,0.095912,0.012709784
5.5,0.095944904,0.012852538
5.6,0.09597064,0.012982776
5.7,0.09596024,0.013069861
5.8,0.09591776,0.013095926
5.9,0.095854156,0.013048478
6.0,0.09577717,0.012942846
6.1,0.095689915,0.012791175
6.2,0.09561337,0.012607392
6.3,0.09556286,0.012394566
6.4,0.0955289,0.012136472
6.5,0.09549502,0.011825356
6.6,0.09544233,0.011468625
6.7,0.0953681,0.01110884
6.8,0.09525822,0.010780588
6.9,0.095096916,0.010491044
7.0,0.094878875,0.010228533
7.1,0.09461246,0.009980533
7.2,0.094303645,0.009751166
7.3,0.0939527,0.009552672
7.4,0.093561634,0.0093912855
7.5,0.093141906,0.009258119
7.6,0.09270544,0.009137596
7.7,0.09224901,0.009021485
7.8,0.09176257,0.008912599
7.9,0.09123754,0.008808575
8.0,0.09068133,0.008714368
8.1,0.09009849,0.00864116
8.2,0.0894813,0.008595532
8.3,0.08880738,0.0085758725
8.4,0.08806466,0.008566165
8.5,0.08725163,0.008543536
8.6,0.086373575,0.008484386
8.7,0.08543777,0.008386713
8.8,0.08444694,0.008266609
8.9,0.083409764,0.008141355
9.0,0.08234045,0.007996097
9.1,0.08126421,0.007831638
9.2,0.08019925,0.0076678316
9.3,0.07914797,0.007548031
9.4,0.07810528,0.007482481
9.5,0.077073984,0.00745474
9.6,0.076059565,0.0074371607
9.7,0.07506446,0.0074094674
9.8,0.074081436,0.007368207
9.9,0.073092684,0.00731132
10.0,0.07208592,0.007258556
10.1,0.07106105,0.007213163
10.2,0.070046715,0.0071822302
10.3,0.069066785,0.0071595507
10.4,0.0681282,0.0071456493
10.5,0.06721788,0.0071391826
10.6,0.06632794,0.0071377824
10.7,0.065481715,0.0071644983
10.8,0.0646888,0.007194861
10.9,0.06396491,0.0072164903
11.0,0.06331771,0.0072135064
11.1,0.06277815,0.00721993
11.2,0.062351637,0.0072464505
11.3,0.062030755,0.0072815036
11.4,0.061801326,0.0073288456
11.5,0.061656017,0.0073950076
11.6,0.061569076,0.0074722217
11.7,0.061507706,0.0075486577
11.8,0.06144807,0.0076135723
11.9,0.06138301,0.007667433
12.0,0.06131355,0.007711552
12.1,0.061235774,0.0077445013
12.2,0.061142556,0.007754057
12.3,0.061031953,0.0077362848
12.4,0.06091184,0.0077024098
12.5,0.060798585,0.0076733106
12.6,0.06070657,0.0076647983
12.7,0.06064445,0.0076740836
12.8,0.060617335,0.007682737
12.9,0.060625877,0.007670948
13.0,0.06066504,0.007633543
13.1,0.060730517,0.007590918
13.2,0.06081282,0.00757004
13.3,0.060903456,0.007595334
13.4,0.06099329,0.007667317
13.5,0.061075814,0.0077673956
13.6,0.06115239,0.007868388
13.7,0.061227165,0.00795331
13.8,0.061306342,0.008010998
13.9,0.061388105,0.008038371
14.0,0.061475236,0.008036618
14.1,0.06158304,0.008016804
14.2,0.0617305,0.00799211
14.3,0.061933156,0.007973457
14.4,0.06218374,0.007967575
14.5,0.062462773,0.007982004
14.6,0.06275503,0.008030723
14.7,0.06306384,0.008111766
14.8,0.06340377,0.008205085
14.9,0.0637794,0.008281999
15.0,0.06419557,0.008334089
15.1,0.064657554,0.008363252
15.2,0.065171406,0.008374511
15.3,0.06573368,0.008376353
15.4,0.06633143,0.0083851535
15.5,0.06694647,0.008418137
15.6,0.067568004,0.008477526
15.7,0.068198584,0.008542363
15.8,0.06883902,0.008582445
15.9,0.06947775,0.008572785
16.0,0.0701027,0.00850323
16.1,0.07071104,0.008386472
16.2,0.071307726,0.008235425
16.3,0.071889564,0.008071285
16.4,0.07244728,0.007899739
16.5,0.072980754,0.0077353152
16.6,0.07350689,0.0075759958
16.7,0.0740406,0.00741183
16.8,0.07457541,0.0072267763
16.9,0.07509487,0.00703153
17.0,0.075588934,0.0068566795
17.1,0.07605977,0.0067251367
17.2,0.076500714,0.006649194
17.3,0.07689371,0.0066247936
17.4,0.077215105,0.0066467733
17.5,0.077442534,0.0067009954
17.6,0.07757687,0.006767894
17.7,0.07762168,0.006838548
17.8,0.077600785,0.0069118766
17.9,0.07752995,0.0069909943
18.0,0.07742982,0.007054737
18.1,0.07731518,0.007084507
18.2,0.07722346,0.0070787375
18.3,0.07720695,0.007078594
18.4,0.07731812,0.0071173063
18.5,0.07757162,0.007178755
18.6,0.07793845,0.007224022
18.7,0.078357056,0.0072557526
18.8,0.0787514,0.0073116412
18.9,0.079089575,0.0074182265
19.0,0.07936633,0.007533621
19.1,0.07960574,0.0076027573
19.2,0.079817526,0.0075985324
19.3,0.08001168,0.0075496784
19.4,0.080187485,0.0075121867
19.5,0.08034193,0.007511732
19.6,0.08046274,0.007523413
19.7,0.080548584,0.0075371033
19.8,0.08058841,0.0075613717
19.9,0.08056785,0.007612129
20.0,0.08046177,0.00766672
20.1,0.08024579,0.0076956297
20.2,0.07991787,0.007684685
20.3,0.0794968,0.007649973
20.4,0.07900958,0.007613673
20.5,0.07845368,0.0075912233
20.6,0.07783364,0.0075638276
20.7,0.07716978,0.0075120954
20.8,0.0765056,0.0074182986
20.9,0.07586436,0.007290927
21.0,0.07526017,0.00713632
21.1,0.074718766,0.0069843745
21.2,0.07425867,0.0068625985
21.3,0.07387872,0.006802589
21.4,0.07352502,0.006806181
21.5,0.07311724,0.0068640145
21.6,0.072567895,0.0069505884
21.7,0.07182223,0.0070320987
21.8,0.07088875,0.00707131
21.9,0.069820546,0.0070323637
22.0,0.06871238,0.0069064097
22.1,0.06765288,0.0067170393
22.2,0.06670693,0.0065127136
22.3,0.065902345,0.0063374015
22.4,0.06525369,0.006185345
22.5,0.064779334,0.006035041
22.6,0.06448427,0.0058806967
22.7,0.06434028,0.0057377024
22.8,0.06429736,0.0056425817
22.9,0.06430854,0.0056030396
23.0,0.064333335,0.005600644
23.1,0.06433809,0.005622802
23.2,0.064299114,0.0056476234
23.3,0.0642174,0.0056612184
23.4,0.06413597,0.005638867
23.5,0.06411049,0.005591273
23.6,0.06419299,0.005544042
23.7,0.06440274,0.0055181747
23.8,0.06472839,0.005524326
23.9,0.0651319,0.005558221
24.0,0.06558055,0.0056216307
24.1,0.06604594,0.005704138
24.2,0.06651757,0.005800382
24.3,0.066965096,0.005895734
24.4,0.06736961,0.005986783
24.5,0.067715764,0.006072379
24.6,0.06801854,0.0061540524
24.7,0.06829166,0.006213698
24.8,0.06855575,0.006228498
24.9,0.06882816,0.0061857468
25.0,0.069111906,0.006098023
25.1,0.06939647,0.0059901327
25.2,0.06966338,0.0058997227
25.3,0.06990291,0.00584958
25.4,0.070127584,0.0058502206
25.5,0.07034438,0.0058912323
25.6,0.07054873,0.0059564346
25.7,0.07073244,0.0060568443
25.8,0.070876,0.006203574
25.9,0.07098858,0.0063975123
26.0,0.0710689,0.006611608
26.1,0.07113303,0.006800516
26.2,0.07119336,0.0069379653
26.3,0.07126442,0.0070172357
26.4,0.07136224,0.0070571387
26.5,0.07148911,0.00707732
26.6,0.07163435,0.007101191
26.7,0.07177548,0.007138858
26.8,0.071907535,0.007186974
26.9,0.0720384,0.007225062
27.0,0.07219436,0.0072423504
27.1,0.07239676,0.007232878
27.2,0.07267178,0.007209167
27.3,0.07304411,0.007177896
27.4,0.073522724,0.007149328
27.5,0.07410163,0.007121064
27.6,0.07474534,0.0070999013
27.7,0.07542095,0.007092615
27.8,0.076097816,0.007086781
27.9,0.076760985,0.007070155
28.0,0.0773957,0.0070319767
28.1,0.07798889,0.0069925473
28.2,0.078537196,0.006949469
28.3,0.079054356,0.006897431
28.4,0.07955912,0.006826626
28.5,0.08005893,0.006762698
28.6,0.08054212,0.0067320927
28.7,0.080989204,0.0067501534
28.8,0.08137219,0.006785805
28.9,0.08168077,0.006820502
29.0,0.08191701,0.006861222
29.1,0.082102135,0.0069256094
29.2,0.082238376,0.007022907
29.3,0.08231488,0.0071338187
29.4,0.082307436,0.0072582155
29.5,0.082206935,0.0073933834
29.6,0.08200218,0.0075343675
29.7,0.08170704,0.0076782242
29.8,0.08134467,0.007816158
29.9,0.08094476,0.007946549
30.0,0.08053124,0.008056846
30.1,0.080119744,0.008130859
30.2,0.07971582,0.00816175
30.3,0.07931463,0.008157799
30.4,0.07891014,0.008135314
30.5,0.07852319,0.008107224
30.6,0.078179576,0.008077209
30.7,0.07790626,0.008040641
30.8,0.07770478,0.007984723
30.9,0.0775609,0.007894356
31.0,0.077438064,0.00777012
31.1,0.0773128,0.0076247267
31.2,0.077184156,0.007473604
31.3,0.07707269,0.00731927
31.4,0.07699763,0.0071580443
31.5,0.07695653,0.006993335
31.6,0.07693057,0.0068322946
31.7,0.076904975,0.006681824
31.8,0.07686463,0.0065398966
31.9,0.076811016,0.0064080665
32.0,0.07674034,0.0062882523
32.1,0.07666322,0.006177176
32.2,0.07658177,0.006071822
32.3,0.07648495,0.0059683262
32.4,0.07635506,0.0058654156
32.5,0.07618271,0.0057617375
32.6,0.07597485,0.0056608245
32.7,0.07575508,0.005572857
32.8,0.075541034,0.005507429
32.9,0.07534738,0.0054599424
33.0,0.07517539,0.0054168063
33.1,0.07502447,0.0053667626
33.2,0.074901305,0.0053141247
33.3,0.074804105,0.005268387
33.4,0.07473037,0.005236785
33.5,0.07466813,0.0052157477
33.6,0.0746059,0.005198027
33.7,0.07453782,0.00517535
33.8,0.07446057,0.00514106
33.9,0.074374415,0.0050880737
34.0,0.074281625,0.005018181
34.1,0.07418379,0.0049369177
34.2,0.07409119,0.0048522064
34.3,0.07400388,0.004756842
34.4,0.07391923,0.004651595
34.5,0.073829524,0.0045425426
34.6,0.073733784,0.0044481778
34.7,0.07362956,0.004381421
34.8,0.07351215,0.004342483
34.9,0.07338412,0.0043220134
35.0,0.0732584,0.0043026586
35.1,0.07315144,0.0042804456
35.2,0.07306515,0.00425553
35.3,0.072995864,0.0042338753
35.4,0.072947286,0.0042183124
35.5,0.07292213,0.0042007715
35.6,0.07291905,0.004183599
35.7,0.07292807,0.004170068
35.8,0.07294394,0.004176191
35.9,0.07296207,0.004209652
36.0,0.07299126,0.004268275
36.1,0.073046215,0.0043472927
36.2,0.073138624,0.0044315956
36.3,0.073265426,0.0045191315
36.4,0.073410414,0.0046107583
36.5,0.073562354,0.004725188
36.6,0.073707655,0.0048656445
36.7,0.073847175,0.0050286357
36.8,0.07397637,0.0051993374
36.9,0.0740956,0.0053644585
37.0,0.07419976,0.0055239066
37.1,0.074289106,0.00567416
37.2,0.074364394,0.005816199
37.3,0.07442628,0.0059481487
37.4,0.0744693,0.0060661607
37.5,0.074478015,0.006174319
37.6,0.07444213,0.006272727
37.7,0.07435278,0.006364438
37.8,0.074202605,0.0064476356
37.9,0.07397936,0.006524994
38.0,0.07367596,0.0065959548
38.1,0.073298626,0.0066600363
38.2,0.07286255,0.0067137424
38.3,0.07238141,0.006746354
38.4,0.0718663,0.0067666303
38.5,0.07132211,0.006769873
38.6,0.07074597,0.006765571
38.7,0.07014114,0.0067243734
38.8,0.06950951,0.006637529
38.9,0.06886068,0.006499671
39.0,0.06819633,0.0063307127
39.1,0.06752632,0.0061381888
39.2,0.066860676,0.00593355
39.3,0.06621586,0.005728263
39.4,0.06560651,0.0055359383
39.5,0.06504923,0.0053690043
39.6,0.064547926,0.005224606
39.7,0.064103596,0.0050910558
39.8,0.06370823,0.0049684634
39.9,0.063364886,0.0048650387
40.0,0.063078284,0.0047879047
40.1,0.062854856,0.004735612
40.2,0.062699914,0.004697428
40.3,0.062597655,0.0046779523
40.4,0.06254202,0.0046723234
40.5,0.06251599,0.0046762014
40.6,0.06251813,0.004680863
40.7,0.06254197,0.0046846215
40.8,0.06257975,0.004689643
40.9,0.062619485,0.0047025685
41.0,0.06264763,0.004720988
41.1,0.0626615,0.004751876
41.2,0.06266065,0.004791701
41.3,0.06264311,0.004844579
41.4,0.06259882,0.0049110563
41.5,0.06251042,0.0049854103
41.6,0.062367957,0.005067779
41.7,0.06216813,0.0051417653
41.8,0.06191605,0.0052073277
41.9,0.061621223,0.005257731
42.0,0.061279945,0.005293696
42.1,0.06089655,0.0053213374
42.2,0.060467962,0.005338032
42.3,0.060010377,0.00534888
42.4,0.05953059,0.005351179
42.5,0.059043936,0.0053415555
42.6,0.058552172,0.0053282413
42.7,0.0580666,0.0053063915
42.8,0.05758245,0.0052799094
42.9,0.05710308,0.005233526
43.0,0.05662217,0.005156477
43.1,0.056143098,0.0050410437
43.2,0.055666465,0.004883332
43.3,0.05518915,0.0046907687
43.4,0.054711554,0.0044664983
43.5,0.054231986,0.004216904
43.6,0.05376554,0.0039558914
43.7,0.05332951,0.0037054971
43.8,0.052952297,0.00350174
43.9,0.05265137,0.0033705148
44.0,0.05243729,0.0033259923
44.1,0.052295823,0.0033495857
44.2,0.052209318,0.0034137168
44.3,0.052149847,0.0034953344
44.4,0.052104726,0.0035742668
44.5,0.052065652,0.0036405795
44.6,0.052032996,0.003675127
44.7,0.052013192,0.00368544
44.8,0.051998727,0.00367504
44.9,0.051994156,0.003669291
45.0,0.051991053,0.0036778448
45.1,0.051992804,0.0037053898
45.2,0.051985804,0.0037464069
45.3,0.05196072,0.0037926515
45.4,0.051920954,0.0038525988
45.5,0.05187471,0.003943107
45.6,0.051842906,0.0040921546
45.7,0.051829774,0.0043254904
45.8,0.051852047,0.0046291007
45.9,0.051900245,0.0049978993
46.0,0.051978108,0.0053857644
46.1,0.05205923,0.0057887957
46.2,0.052128553,0.006165052
46.3,0.052160513,0.006499652
46.4,0.052149266,0.006757011
46.5,0.0520873,0.0068993242
46.6,0.051989175,0.006926495
46.7,0.05185294,0.0068160635
46.8,0.051701475,0.006622945
46.9,0.051527865,0.006340773
47.0,0.05135155,0.0060341437
47.1,0.05117644,0.0057161013
47.2,0.051009044,0.005436229
47.3,0.050851766,0.00521197
47.4,0.05069368,0.0050314353
47.5,0.05053572,0.0048673255
47.6,0.05036692,0.0046651615
47.7,0.050189756,0.0044040703
47.8,0.050010007,0.004104342
47.9,0.049840074,0.0038148025
48.0,0.04969355,0.003595831
48.1,0.04956683,0.0034559537
48.2,0.049459666,0.0033857469
48.3,0.04935725,0.0033499845
48.4,0.049265314,0.0033333462
48.5,0.049175452,0.0033235997
48.6,0.049094155,0.003310309
48.7,0.049018223,0.0032869254
48.8,0.04895243,0.0032466212
48.9,0.04889249,0.0031891256
49.0,0.048827145,0.0031112044
49.1,0.048754044,0.0030152148
49.2,0.048670515,0.002903956
49.3,0.048584137,0.002790108
49.4,0.048495803,0.002680294
49.5,0.04841293,0.0025912463
49.6,0.048342932,0.0025263806
49.7,0.04828871,0.0024974998
49.8,0.04824651,0.0024876122
49.9,0.04821584,0.002488044
50.0,0.048188258,0.0024778938
50.1,0.04816338,0.0024608925
50.2,0.04813358,0.002434039
50.3,0.04810002,0.002405455
50.4,0.048062332,0.002376864
50.5,0.048022408,0.0023572342
50.6,0.047987144,0.0023485653
50.7,0.04795891,0.0023546028
50.8,0.047946896,0.0023750341
50.9,0.047952384,0.0024131907
51.0,0.04798191,0.002468339
51.1,0.04802639,0.0025397053
51.2,0.04808762,0.0026204027
51.3,0.048157807,0.0027179292
51.4,0.04823353,0.0028254201
51.5,0.04830646,0.002955866
51.6,0.04836899,0.0030969826
51.7,0.04841555,0.0032388323
51.8,0.048445947,0.0033740795
51.9,0.04846118,0.003478054
52.0,0.048468247,0.003562941
52.1,0.048470844,0.0036252977
52.2,0.048474554,0.0036861773
52.3,0.048476078,0.0037452679
52.4,0.048477225,0.0037997947
52.5,0.04848,0.0038442053
52.6,0.048491027,0.003869154
52.7,0.048508015,0.0038771753
52.8,0.048530176,0.0038672423
52.9,0.04855471,0.0038457252
53.0,0.048580047,0.0038089089
53.1,0.048604757,0.0037626668
53.2,0.048626747,0.0037093742
53.3,0.048648495,0.0036552302
53.4,0.048679806,0.0036064931
53.5,0.04872765,0.0035689608
53.6,0.048795357,0.0035452384
53.7,0.048874382,0.0035369953
53.8,0.048962545,0.003546356
53.9,0.04905447,0.0035682512
54.0,0.049157467,0.0036139889
54.1,0.0492722,0.0036738848
54.2,0.049410217,0.0037651893
54.3,0.04956593,0.0038733443
54.4,0.049745087,0.004010501
54.5,0.04994461,0.004172907
54.6,0.050159436,0.004352855
54.7,0.050381508,0.0045138644
54.8,0.05060044,0.0046420237
54.9,0.05080234,0.0046926574
55.0,0.0509864,0.0046918564
55.1,0.051139064,0.0046269353
55.2,0.051265743,0.0045364983
55.3,0.051367383,0.0044315825
55.4,0.051455464,0.0043320097
55.5,0.05154439,0.0042567095
55.6,0.051641427,0.004205657
55.7,0.051757194,0.004182218
55.8,0.05189564,0.0041788053
55.9,0.05206319,0.004191793
56.0,0.052254073,0.0042237104
56.1,0.052464947,0.004278175
56.2,0.052683216,0.0043501863
56.3,0.05290038,0.0044177556
56.4,0.05310888,0.0044703945
56.5,0.053303514,0.004493538
56.6,0.05348487,0.0044810683
56.7,0.05365659,0.004435391
56.8,0.05382475,0.004367242
56.9,0.053996004,0.0042981934
57.0,0.054175355,0.00423307
57.1,0.054357387,0.004180197
57.2,0.054542504,0.004132957
57.3,0.054716814,0.0040875734
57.4,0.054885767,0.0040439297
57.5,0.055039395,0.003994733
57.6,0.05518569,0.0039442987
57.7,0.05532475,0.0038889989
57.8,0.055461776,0.003841892
57.9,0.055597115,0.003797897
58.0,0.055728193,0.0037652706
58.1,0.05586349,0.00374335
58.2,0.056009073,0.0037403496
58.3,0.056168146,0.0037480593
58.4,0.056341864,0.0037725228
58.5,0.056532633,0.0038054422
58.6,0.056741353,0.0038512647
58.7,0.056972023,0.0039042344
58.8,0.057222962,0.003965425
58.9,0.057495587,0.004039162
59.0,0.05779243,0.004123754
59.1,0.05810676,0.0042288946
59.2,0.058442503,0.004352897
59.3,0.058790267,0.0045014033
59.4,0.059151977,0.0046591456
59.5,0.05951481,0.004815719
59.6,0.059879117,0.0049634175
59.7,0.060235936,0.005093529
59.8,0.0605833,0.005210278
59.9,0.060920157,0.005304242
60.0,0.061244823,0.0053859903
60.1,0.06156582,0.005452077
60.2,0.061879504,0.0055038924
60.3,0.062198665,0.005536739
60.4,0.06251332,0.0055519794
60.5,0.062833145,0.0055496474
60.6,0.06315151,0.0055402555
60.7,0.06347344,0.005519978
60.8,0.06379459,0.005501078
60.9,0.06412089,0.0054809204
61.0,0.06446068,0.0054690186
61.1,0.064815104,0.005465073
61.2,0.06518523,0.005469738
61.3,0.06557704,0.0054791914
61.4,0.06598582,0.005494662
61.5,0.0664085,0.005499349
61.6,0.06683412,0.00549336
61.7,0.06726081,0.00547048
61.8,0.06768309,0.005425651
61.9,0.068100266,0.005359036
62.0,0.06851525,0.005275512
62.1,0.068939574,0.005184335
62.2,0.069373555,0.0050898907
62.3,0.06982344,0.0049989386
62.4,0.070291676,0.0049250023
62.5,0.07078097,0.004866931
62.6,0.0712839,0.0048168167
62.7,0.071797796,0.004778921
62.8,0.07231429,0.004755195
62.9,0.07284013,0.0047375066
63.0,0.073365785,0.004724243
63.1,0.073903315,0.004716224
63.2,0.07444729,0.0047218194
63.3,0.07500884,0.0047346074
63.4,0.07557681,0.004756725
63.5,0.076160215,0.0047826343
63.6,0.076748654,0.0048160395
63.7,0.077356756,0.0048569385
63.8,0.07798494,0.004901953
63.9,0.07863945,0.0049432437
64.0,0.07931928,0.0049770703
64.1,0.0800271,0.0049936064
64.2,0.08075893,0.004993135
64.3,0.081516005,0.004971779
64.4,0.08229342,0.0049450807
64.5,0.08309093,0.004914693
64.6,0.08390611,0.0048799515
64.7,0.08472712,0.004848068
64.8,0.08556072,0.0048146127
64.9,0.0863929,0.0047935806
65.0,0.08723033,0.0047897804
65.1,0.088063955,0.004813819
65.2,0.08889723,0.004855978
65.3,0.089716874,0.004909899
65.4,0.09052425,0.0049697044
65.5,0.091316804,0.005032879
65.6,0.09208515,0.0050946786
65.7,0.09283474,0.0051483545
65.8,0.09356139,0.005202757
65.9,0.09427412,0.005246614
66.0,0.09495748,0.0052850517
66.1,0.095622234,0.005311256
66.2,0.09626157,0.0053309277
66.3,0.09687793,0.005342529
66.4,0.09747278,0.0053503723
66.5,0.09804587,0.00535653
66.6,0.098601356,0.005353522
66.7,0.09913151,0.0053524524
66.8,0.099655345,0.0053460784
66.9,0.10016941,0.0053444556
67.0,0.10067707,0.005342716
67.1,0.10118347,0.0053473525
67.2,0.10168575,0.0053536724
67.3,0.10218908,0.005352101
67.4,0.10268474,0.0053527877
67.5,0.1031863,0.0053543723
67.6,0.10368131,0.0053518126
67.7,0.10416883,0.0053403014
67.8,0.10464839,0.00531429
67.9,0.10511097,0.005279049
68.0,0.10556037,0.005226246
68.1,0.10599382,0.0051702065
68.2,0.1064295,0.0051169423
68.3,0.10687088,0.0050714416
68.4,0.10731148,0.0050359135
68.5,0.10775751,0.0050073
68.6,0.10821993,0.0049963766
68.7,0.10870933,0.0049935346
68.8,0.10922482,0.004998196
68.9,0.10975086,0.005010142
69.0,0.11029903,0.005026475
69.1,0.110859714,0.005053267
69.2,0.11143509,0.0050743525
69.3,0.11202009,0.005088556
69.4,0.11260769,0.0050959666
69.5,0.113206744,0.005103272
69.6,0.11380371,0.0051215575
69.7,0.11441214,0.0051329667
69.8,0.115028284,0.005141215
69.9,0.115646824,0.005147419
70.0,0.11627321,0.0051547857
70.1,0.11689832,0.0051674875
70.2,0.117530905,0.005176635
70.3,0.11817211,0.0051944116
70.4,0.11881571,0.0052234237
70.5,0.119467884,0.005259354
70.6,0.1201231,0.0053033177
70.7,0.1207835,0.0053595533
70.8,0.121460214,0.0054305843
70.9,0.122145735,0.0055218223
71.0,0.12284915,0.005613968
71.1,0.1235666,0.0057189944
71.2,0.12430202,0.0058293897
71.3,0.12506218,0.0059425835
71.4,0.12584095,0.006054501
71.5,0.12662458,0.0061639166
71.6,0.1274192,0.0062641283
71.7,0.12821583,0.006357382
71.8,0.12902883,0.0064386325
71.9,0.12984382,0.0065165996
72.0,0.13065444,0.0065903547
72.1,0.13146435,0.006656939
72.2,0.13227886,0.0067218808
72.3,0.13309602,0.006792794
72.4,0.1339192,0.006868181
72.5,0.13474579,0.006946973
72.6,0.13557589,0.0070239
72.7,0.13641308,0.007103424
72.8,0.13725355,0.0071925055
72.9,0.13811027,0.00727715
73.0,0.13897786,0.007357505
73.1,0.13985288,0.0074420865
73.2,0.14073977,0.007521874
73.3,0.14164056,0.0075965943
73.4,0.14254975,0.007666524
73.5,0.14346988,0.007735171
73.6,0.14440146,0.007796865
73.7,0.14533933,0.007845611
73.8,0.14628647,0.0078837
73.9,0.14724132,0.007925232
74.0,0.14820416,0.0079661785
74.1,0.14918287,0.008005867
74.2,0.15017867,0.008046559
74.3,0.15118885,0.008081718
74.4,0.15221225,0.008119669
74.5,0.15324411,0.008162962
74.6,0.15428995,0.0082022855
74.7,0.15535134,0.008238337
74.8,0.15642723,0.008271461
74.9,0.15751699,0.008299154
75.0,0.15861481,0.008324783
75.1,0.15972514,0.008350176
75.2,0.16084653,0.008361431
75.3,0.16198416,0.008373104
75.4,0.16313176,0.008382633
75.5,0.16429226,0.008383958
75.6,0.16545919,0.008385947
75.7,0.16663752,0.008389681
75.8,0.16782247,0.008398943
75.9,0.16902071,0.008410965
76.0,0.17023362,0.008424857
76.1,0.1714549,0.008435439
76.2,0.17268492,0.008449522
76.3,0.17392574,0.008472229
76.4,0.17518106,0.008490459
76.5,0.1764485,0.008516517
76.6,0.17772424,0.008552481
76.7,0.17900856,0.008591817
76.8,0.1803031,0.008641594
76.9,0.18161447,0.008701111
77.0,0.1829439,0.008759598
77.1,0.18429099,0.008835988
77.2,0.18565308,0.008935915
77.3,0.18703236,0.009045283
77.4,0.18842283,0.009163821
77.5,0.1898287,0.00929092
77.6,0.19125377,0.009422202
77.7,0.19268788,0.009559067
77.8,0.19413675,0.0097085405
77.9,0.19560975,0.0098518785
78.0,0.19709454,0.010002617
78.1,0.19859453,0.010160312
78.2,0.2001112,0.010265192
78.3,0.20162721,0.010323244
78.4,0.20315094,0.0103364615
78.5,0.20469835,0.010352163
78.6,0.20627026,0.010353379
78.7,0.2078593,0.010357898
78.8,0.20946662,0.010361552
78.9,0.21111055,0.010345522
79.0,0.21278127,0.0103317015
79.1,0.21448313,0.010328142
79.2,0.21623263,0.010316411
79.3,0.21799085,0.01031636
79.4,0.21977718,0.010344082
79.5,0.2214636,0.010237408
79.6,0.22299676,0.009950494
79.7,0.22436757,0.009494254
79.8,0.22569564,0.008993467
79.9,0.22704498,0.008460103
80.0,0.22844903,0.007953007
80.1,0.22995225,0.007470629
80.2,0.23164073,0.006939142
80.3,0.23340319,0.0063647353
80.4,0.23527145,0.0057623084
80.5,0.23709354,0.005107193
80.6,0.23842172,0.0042899954
80.7,0.23978913,0.0032133663
80.8,nan,nan
80.9,nan,nan
81.0,nan,nan
81.1,nan,nan
81.2,nan,nan
81.3,nan,nan
81.4,nan,nan
81.5,nan,nan
81.6,nan,nan
81.7,nan,nan
81.8,nan,nan
81.9,nan,nan
82.0,nan,nan
82.1,nan,nan
82.2,nan,nan
82.3,nan,nan
82.4,nan,nan
82.5,nan,nan
82.6,nan,nan
82.7,nan,nan
82.8,nan,nan
82.9,nan,nan
83.0,nan,nan
83.1,nan,nan
83.2,nan,nan
83.3,nan,nan
83.4,nan,nan
83.5,nan,nan
83.6,nan,nan
83.7,nan,nan
83.8,nan,nan
83.9,nan,nan
84.0,nan,nan
84.1,nan,nan
84.2,nan,nan
84.3,nan,nan
84.4,nan,nan
84.5,nan,nan
84.6,nan,nan
84.7,nan,nan
84.8,nan,nan
84.9,nan,nan
85.0,nan,nan
85.1,nan,nan
85.2,nan,nan
85.3,nan,nan
85.4,nan,nan
85.5,nan,nan
85.6,nan,nan
85.7,nan,nan
85.8,nan,nan
85.9,nan,nan
86.0,nan,nan
86.1,nan,nan
86.2,nan,nan
86.3,nan,nan
86.4,nan,nan
86.5,nan,nan
86.6,nan,nan
86.7,nan,nan
86.8,nan,nan
86.9,nan,nan
87.0,nan,nan
87.1,nan,nan
87.2,nan,nan
87.3,nan,nan
87.4,nan,nan
87.5,nan,nan
87.6,nan,nan
87.7,nan,nan
87.8,nan,nan
87.9,nan,nan
88.0,nan,nan
88.1,nan,nan
88.2,nan,nan
88.3,nan,nan
88.4,nan,nan
88.5,nan,nan
88.6,nan,nan
88.7,nan,nan
88.8,nan,nan
88.9,nan,nan
89.0,nan,nan
89.1,nan,nan
89.2,nan,nan
89.3,nan,nan
89.4,nan,nan
89.5,nan,nan
89.6,nan,nan
89.7,nan,nan
89.8,nan,nan
89.9,nan,nan
90.0,nan,nan
